# Migration is number of nodes that have changed color.

Round		Edge-Cut		Swaps		Migrations		Skipped
0		8311		3836		3091
1		7018		6699		3133
2		6204		8892		3197
3		5611		10655		3171
4		5187		12076		3171
5		4856		13289		3221
6		4521		14380		3243
7		4283		15373		3229
8		4104		16304		3228
9		3921		17168		3236
10		3813		17908		3242
11		3569		18615		3257
12		3422		19239		3279
13		3284		19768		3282
14		3180		20227		3279
15		3073		20597		3279
16		2994		20980		3280
17		2947		21319		3285
18		2917		21640		3307
19		2882		21987		3293
20		2851		22266		3298
21		2822		22571		3305
22		2740		22867		3307
23		2699		23119		3292
24		2703		23384		3302
25		2636		23676		3303
26		2584		23909		3300
27		2580		24154		3296
28		2518		24381		3289
29		2504		24584		3297
30		2470		24780		3304
31		2434		24988		3290
32		2414		25181		3286
33		2404		25356		3279
34		2386		25531		3287
35		2346		25707		3292
36		2325		25855		3299
37		2282		25964		3290
38		2284		26100		3291
39		2271		26218		3290
40		2249		26341		3296
41		2221		26433		3298
42		2222		26519		3303
43		2207		26617		3297
44		2218		26714		3303
45		2204		26816		3310
46		2204		26925		3303
47		2192		27034		3304
48		2177		27134		3314
49		2156		27220		3311
50		2139		27283		3302
51		2147		27338		3308
52		2130		27421		3314
53		2099		27506		3325
54		2092		27565		3325
55		2090		27628		3323
56		2084		27693		3317
57		2085		27763		3314
58		2074		27820		3310
59		2061		27889		3302
60		2063		27944		3301
61		2066		28016		3307
62		2044		28076		3304
63		2041		28125		3304
64		2037		28175		3308
65		2031		28217		3311
66		2035		28276		3312
67		2012		28315		3306
68		2003		28366		3306
69		1990		28404		3302
70		1990		28433		3305
71		1983		28468		3305
72		1983		28496		3302
73		1983		28522		3308
74		1976		28567		3308
75		1969		28600		3305
76		1970		28631		3303
77		1964		28667		3303
78		1963		28690		3303
79		1963		28712		3304
80		1956		28739		3303
81		1954		28763		3302
82		1943		28789		3301
83		1941		28808		3300
84		1939		28840		3307
85		1936		28860		3306
86		1932		28877		3302
87		1934		28916		3305
88		1926		28951		3303
89		1929		28969		3300
90		1926		28987		3302
91		1924		29020		3305
92		1929		29052		3312
93		1924		29075		3311
94		1922		29103		3309
95		1923		29130		3307
96		1914		29165		3313
97		1915		29187		3313
98		1914		29195		3312
99		1913		29226		3314
100		1910		29254		3312
101		1906		29272		3310
102		1912		29298		3308
103		1911		29335		3306
104		1904		29361		3312
105		1896		29388		3312
106		1901		29407		3307
107		1903		29438		3310
108		1890		29476		3311
109		1883		29509		3310
110		1884		29537		3314
111		1881		29563		3311
112		1872		29579		3315
113		1876		29594		3316
114		1876		29606		3314
115		1873		29621		3313
116		1870		29647		3316
117		1874		29664		3316
118		1871		29685		3316
119		1869		29704		3313
120		1862		29721		3316
121		1858		29734		3317
122		1859		29744		3316
123		1854		29758		3318
124		1852		29778		3316
125		1850		29791		3314
126		1848		29811		3317
127		1844		29827		3318
128		1840		29841		3313
129		1835		29857		3317
130		1836		29865		3315
131		1833		29871		3317
132		1834		29876		3314
133		1833		29883		3312
134		1833		29896		3312
135		1834		29904		3310
136		1834		29909		3313
137		1833		29912		3315
138		1833		29918		3311
139		1833		29922		3314
140		1834		29925		3315
141		1832		29930		3316
142		1830		29934		3313
143		1831		29939		3313
144		1829		29947		3313
145		1829		29949		3316
146		1827		29952		3315
147		1827		29952		3315
148		1827		29953		3316
149		1825		29954		3314
150		1825		29954		3314
151		1825		29954		3314
152		1825		29954		3314
153		1825		29954		3314
154		1825		29954		3314
155		1825		29954		3314
156		1825		29954		3314
157		1825		29954		3314
158		1825		29954		3314
159		1825		29954		3314
160		1823		29955		3314
161		1823		29956		3314
162		1823		29957		3313
163		1823		29957		3313
164		1824		29958		3311
165		1825		29959		3312
166		1826		29960		3311
167		1826		29962		3312
168		1824		29966		3312
169		1822		29967		3312
170		1822		29967		3312
171		1822		29967		3312
172		1822		29967		3312
173		1822		29967		3312
174		1822		29967		3312
175		1822		29967		3312
176		1823		29968		3313
177		1823		29972		3312
178		1823		29974		3312
179		1821		29976		3312
180		1821		29976		3312
181		1821		29976		3312
182		1821		29976		3312
183		1821		29976		3312
184		1821		29976		3312
185		1821		29976		3312
186		1821		29976		3312
187		1821		29976		3312
188		1821		29976		3312
189		1821		29976		3312
190		1821		29976		3312
191		1821		29976		3312
192		1822		29977		3311
193		1820		29978		3311
194		1820		29978		3311
195		1820		29978		3311
196		1820		29978		3311
197		1820		29978		3311
198		1820		29978		3311
199		1820		29978		3311
200		1820		29978		3311
201		1820		29978		3311
202		1820		29978		3311
203		1820		29978		3311
204		1820		29978		3311
205		1820		29978		3311
206		1820		29978		3311
207		1820		29978		3311
208		1820		29978		3311
209		1820		29978		3311
210		1820		29978		3311
211		1820		29978		3311
212		1820		29978		3311
213		1820		29978		3311
214		1820		29978		3311
215		1820		29978		3311
216		1820		29978		3311
217		1820		29978		3311
218		1820		29978		3311
219		1820		29978		3311
220		1820		29978		3311
221		1820		29978		3311
222		1820		29978		3311
223		1820		29978		3311
224		1820		29978		3311
225		1820		29978		3311
226		1820		29978		3311
227		1820		29978		3311
228		1820		29978		3311
229		1820		29978		3311
230		1820		29978		3311
231		1820		29978		3311
232		1820		29978		3311
233		1820		29978		3311
234		1820		29978		3311
235		1820		29978		3311
236		1820		29978		3311
237		1820		29978		3311
238		1820		29978		3311
239		1820		29978		3311
240		1820		29978		3311
241		1820		29978		3311
242		1820		29978		3311
243		1820		29978		3311
244		1820		29978		3311
245		1820		29978		3311
246		1820		29978		3311
247		1820		29978		3311
248		1820		29978		3311
249		1820		29978		3311
250		1820		29978		3311
251		1820		29978		3311
252		1820		29978		3311
253		1820		29978		3311
254		1820		29978		3311
255		1820		29978		3311
256		1820		29978		3311
257		1820		29978		3311
258		1820		29978		3311
259		1820		29978		3311
260		1820		29978		3311
261		1820		29978		3311
262		1820		29978		3311
263		1820		29978		3311
264		1820		29978		3311
265		1820		29978		3311
266		1820		29978		3311
267		1820		29978		3311
268		1820		29978		3311
269		1820		29978		3311
270		1820		29978		3311
271		1820		29978		3311
272		1820		29978		3311
273		1820		29978		3311
274		1820		29978		3311
275		1820		29978		3311
276		1820		29978		3311
277		1820		29978		3311
278		1820		29978		3311
279		1820		29978		3311
280		1820		29978		3311
281		1820		29978		3311
282		1820		29978		3311
283		1820		29978		3311
284		1820		29978		3311
285		1820		29978		3311
286		1820		29978		3311
287		1820		29978		3311
288		1820		29978		3311
289		1820		29978		3311
290		1820		29978		3311
291		1820		29978		3311
292		1820		29978		3311
293		1820		29978		3311
294		1820		29978		3311
295		1820		29978		3311
296		1820		29978		3311
297		1820		29978		3311
298		1820		29978		3311
299		1820		29978		3311
300		1820		29978		3311
301		1820		29978		3311
302		1820		29978		3311
303		1820		29978		3311
304		1820		29978		3311
305		1820		29978		3311
306		1820		29978		3311
307		1820		29978		3311
308		1820		29978		3311
309		1820		29978		3311
310		1820		29978		3311
311		1820		29978		3311
312		1820		29978		3311
313		1820		29978		3311
314		1820		29978		3311
315		1820		29978		3311
316		1820		29978		3311
317		1820		29978		3311
318		1820		29978		3311
319		1820		29978		3311
320		1820		29978		3311
321		1820		29978		3311
322		1820		29978		3311
323		1820		29978		3311
324		1820		29978		3311
325		1820		29978		3311
326		1820		29978		3311
327		1820		29978		3311
328		1820		29978		3311
329		1820		29978		3311
330		1820		29978		3311
331		1820		29978		3311
332		1820		29978		3311
333		1820		29978		3311
334		1820		29978		3311
335		1820		29978		3311
336		1820		29978		3311
337		1820		29978		3311
338		1820		29978		3311
339		1820		29978		3311
340		1820		29978		3311
341		1820		29978		3311
342		1820		29978		3311
343		1820		29978		3311
344		1820		29978		3311
345		1820		29978		3311
346		1820		29978		3311
347		1820		29978		3311
348		1820		29978		3311
349		1820		29978		3311
350		1820		29978		3311
351		1820		29978		3311
352		1820		29978		3311
353		1820		29978		3311
354		1820		29978		3311
355		1820		29978		3311
356		1820		29978		3311
357		1820		29978		3311
358		1820		29978		3311
359		1820		29978		3311
360		1820		29978		3311
361		1820		29978		3311
362		1820		29978		3311
363		1820		29978		3311
364		1820		29978		3311
365		1820		29978		3311
366		1820		29978		3311
367		1820		29978		3311
368		1820		29978		3311
369		1820		29978		3311
370		1820		29978		3311
371		1820		29978		3311
372		1820		29978		3311
373		1820		29978		3311
374		1820		29978		3311
375		1820		29978		3311
376		1820		29978		3311
377		1820		29978		3311
378		1820		29978		3311
379		1820		29978		3311
380		1820		29978		3311
381		1820		29978		3311
382		1820		29978		3311
383		1820		29978		3311
384		1820		29978		3311
385		1820		29978		3311
386		1820		29978		3311
387		1820		29978		3311
388		1820		29978		3311
389		1820		29978		3311
390		1820		29978		3311
391		1820		29978		3311
392		1820		29978		3311
393		1820		29978		3311
394		1820		29978		3311
395		1820		29978		3311
396		1820		29978		3311
397		1820		29978		3311
398		1820		29978		3311
399		1820		29978		3311
400		1820		29978		3311
401		1820		29978		3311
402		1820		29978		3311
403		1820		29978		3311
404		1820		29978		3311
405		1820		29978		3311
406		1820		29978		3311
407		1820		29978		3311
408		1820		29978		3311
409		1820		29978		3311
410		1820		29978		3311
411		1820		29978		3311
412		1820		29978		3311
413		1820		29978		3311
414		1820		29978		3311
415		1820		29978		3311
416		1820		29978		3311
417		1820		29978		3311
418		1820		29978		3311
419		1820		29978		3311
420		1820		29978		3311
421		1820		29978		3311
422		1820		29978		3311
423		1820		29978		3311
424		1820		29978		3311
425		1820		29978		3311
426		1820		29978		3311
427		1820		29978		3311
428		1820		29978		3311
429		1820		29978		3311
430		1820		29978		3311
431		1820		29978		3311
432		1820		29978		3311
433		1820		29978		3311
434		1820		29978		3311
435		1820		29978		3311
436		1820		29978		3311
437		1820		29978		3311
438		1820		29978		3311
439		1820		29978		3311
440		1820		29978		3311
441		1820		29978		3311
442		1820		29978		3311
443		1820		29978		3311
444		1820		29978		3311
445		1820		29978		3311
446		1820		29978		3311
447		1820		29978		3311
448		1820		29978		3311
449		1820		29978		3311
450		1820		29978		3311
451		1820		29978		3311
452		1820		29978		3311
453		1820		29978		3311
454		1820		29978		3311
455		1820		29978		3311
456		1820		29978		3311
457		1820		29978		3311
458		1820		29978		3311
459		1820		29978		3311
460		1820		29978		3311
461		1820		29978		3311
462		1820		29978		3311
463		1820		29978		3311
464		1820		29978		3311
465		1820		29978		3311
466		1820		29978		3311
467		1820		29978		3311
468		1820		29978		3311
469		1820		29978		3311
470		1820		29978		3311
471		1820		29978		3311
472		1820		29978		3311
473		1820		29978		3311
474		1820		29978		3311
475		1820		29978		3311
476		1820		29978		3311
477		1820		29978		3311
478		1820		29978		3311
479		1820		29978		3311
480		1820		29978		3311
481		1820		29978		3311
482		1820		29978		3311
483		1820		29978		3311
484		1820		29978		3311
485		1820		29978		3311
486		1820		29978		3311
487		1820		29978		3311
488		1820		29978		3311
489		1820		29978		3311
490		1820		29978		3311
491		1820		29978		3311
492		1820		29978		3311
493		1820		29978		3311
494		1820		29978		3311
495		1820		29978		3311
496		1820		29978		3311
497		1820		29978		3311
498		1820		29978		3311
499		1820		29978		3311
500		1820		29978		3311
501		1820		29978		3311
502		1820		29978		3311
503		1820		29978		3311
504		1820		29978		3311
505		1820		29978		3311
506		1820		29978		3311
507		1820		29978		3311
508		1820		29978		3311
509		1820		29978		3311
510		1820		29978		3311
511		1820		29978		3311
512		1820		29978		3311
513		1820		29978		3311
514		1820		29978		3311
515		1820		29978		3311
516		1820		29978		3311
517		1820		29978		3311
518		1820		29978		3311
519		1820		29978		3311
520		1820		29978		3311
521		1820		29978		3311
522		1820		29978		3311
523		1820		29978		3311
524		1820		29978		3311
525		1820		29978		3311
526		1820		29978		3311
527		1820		29978		3311
528		1820		29978		3311
529		1820		29978		3311
530		1820		29978		3311
531		1820		29978		3311
532		1820		29978		3311
533		1820		29978		3311
534		1820		29978		3311
535		1820		29978		3311
536		1820		29978		3311
537		1820		29978		3311
538		1820		29978		3311
539		1820		29978		3311
540		1820		29978		3311
541		1820		29978		3311
542		1820		29978		3311
543		1820		29978		3311
544		1820		29978		3311
545		1820		29978		3311
546		1820		29978		3311
547		1820		29978		3311
548		1820		29978		3311
549		1820		29978		3311
550		1820		29978		3311
551		1820		29978		3311
552		1820		29978		3311
553		1820		29978		3311
554		1820		29978		3311
555		1820		29978		3311
556		1820		29978		3311
557		1820		29978		3311
558		1820		29978		3311
559		1820		29978		3311
560		1820		29978		3311
561		1820		29978		3311
562		1820		29978		3311
563		1820		29978		3311
564		1820		29978		3311
565		1820		29978		3311
566		1820		29978		3311
567		1820		29978		3311
568		1820		29978		3311
569		1820		29978		3311
570		1820		29978		3311
571		1820		29978		3311
572		1820		29978		3311
573		1820		29978		3311
574		1820		29978		3311
575		1820		29978		3311
576		1820		29978		3311
577		1820		29978		3311
578		1820		29978		3311
579		1820		29978		3311
580		1820		29978		3311
581		1820		29978		3311
582		1820		29978		3311
583		1820		29978		3311
584		1820		29978		3311
585		1820		29978		3311
586		1820		29978		3311
587		1820		29978		3311
588		1820		29978		3311
589		1820		29978		3311
590		1820		29978		3311
591		1820		29978		3311
592		1820		29978		3311
593		1820		29978		3311
594		1820		29978		3311
595		1820		29978		3311
596		1820		29978		3311
597		1820		29978		3311
598		1820		29978		3311
599		1820		29978		3311
600		1820		29978		3311
601		1820		29978		3311
602		1820		29978		3311
603		1820		29978		3311
604		1820		29978		3311
605		1820		29978		3311
606		1820		29978		3311
607		1820		29978		3311
608		1820		29978		3311
609		1820		29978		3311
610		1820		29978		3311
611		1820		29978		3311
612		1820		29978		3311
613		1820		29978		3311
614		1820		29978		3311
615		1820		29978		3311
616		1820		29978		3311
617		1820		29978		3311
618		1820		29978		3311
619		1820		29978		3311
620		1820		29978		3311
621		1820		29978		3311
622		1820		29978		3311
623		1820		29978		3311
624		1820		29978		3311
625		1820		29978		3311
626		1820		29978		3311
627		1820		29978		3311
628		1820		29978		3311
629		1820		29978		3311
630		1820		29978		3311
631		1820		29978		3311
632		1820		29978		3311
633		1820		29978		3311
634		1820		29978		3311
635		1820		29978		3311
636		1820		29978		3311
637		1820		29978		3311
638		1820		29978		3311
639		1820		29978		3311
640		1820		29978		3311
641		1820		29978		3311
642		1820		29978		3311
643		1820		29978		3311
644		1820		29978		3311
645		1820		29978		3311
646		1820		29978		3311
647		1820		29978		3311
648		1820		29978		3311
649		1820		29978		3311
650		1820		29978		3311
651		1820		29978		3311
652		1820		29978		3311
653		1820		29978		3311
654		1820		29978		3311
655		1820		29978		3311
656		1820		29978		3311
657		1820		29978		3311
658		1820		29978		3311
659		1820		29978		3311
660		1820		29978		3311
661		1820		29978		3311
662		1820		29978		3311
663		1820		29978		3311
664		1820		29978		3311
665		1820		29978		3311
666		1820		29978		3311
667		1820		29978		3311
668		1820		29978		3311
669		1820		29978		3311
670		1820		29978		3311
671		1820		29978		3311
672		1820		29978		3311
673		1820		29978		3311
674		1820		29978		3311
675		1820		29978		3311
676		1820		29978		3311
677		1820		29978		3311
678		1820		29978		3311
679		1820		29978		3311
680		1820		29978		3311
681		1820		29978		3311
682		1820		29978		3311
683		1820		29978		3311
684		1820		29978		3311
685		1820		29978		3311
686		1820		29978		3311
687		1820		29978		3311
688		1820		29978		3311
689		1820		29978		3311
690		1820		29978		3311
691		1820		29978		3311
692		1820		29978		3311
693		1820		29978		3311
694		1820		29978		3311
695		1820		29978		3311
696		1820		29978		3311
697		1820		29978		3311
698		1820		29978		3311
699		1820		29978		3311
700		1820		29978		3311
701		1820		29978		3311
702		1820		29978		3311
703		1820		29978		3311
704		1820		29978		3311
705		1820		29978		3311
706		1820		29978		3311
707		1820		29978		3311
708		1820		29978		3311
709		1820		29978		3311
710		1820		29978		3311
711		1820		29978		3311
712		1820		29978		3311
713		1820		29978		3311
714		1820		29978		3311
715		1820		29978		3311
716		1820		29978		3311
717		1820		29978		3311
718		1820		29978		3311
719		1820		29978		3311
720		1820		29978		3311
721		1820		29978		3311
722		1820		29978		3311
723		1820		29978		3311
724		1820		29978		3311
725		1820		29978		3311
726		1820		29978		3311
727		1820		29978		3311
728		1820		29978		3311
729		1820		29978		3311
730		1820		29978		3311
731		1820		29978		3311
732		1820		29978		3311
733		1820		29978		3311
734		1820		29978		3311
735		1820		29978		3311
736		1820		29978		3311
737		1820		29978		3311
738		1820		29978		3311
739		1820		29978		3311
740		1820		29978		3311
741		1820		29978		3311
742		1820		29978		3311
743		1820		29978		3311
744		1820		29978		3311
745		1820		29978		3311
746		1820		29978		3311
747		1820		29978		3311
748		1820		29978		3311
749		1820		29978		3311
750		1820		29978		3311
751		1820		29978		3311
752		1820		29978		3311
753		1820		29978		3311
754		1820		29978		3311
755		1820		29978		3311
756		1820		29978		3311
757		1820		29978		3311
758		1820		29978		3311
759		1820		29978		3311
760		1820		29978		3311
761		1820		29978		3311
762		1820		29978		3311
763		1820		29978		3311
764		1820		29978		3311
765		1820		29978		3311
766		1820		29978		3311
767		1820		29978		3311
768		1820		29978		3311
769		1820		29978		3311
770		1820		29978		3311
771		1820		29978		3311
772		1820		29978		3311
773		1820		29978		3311
774		1820		29978		3311
775		1820		29978		3311
776		1820		29978		3311
777		1820		29978		3311
778		1820		29978		3311
779		1820		29978		3311
780		1820		29978		3311
781		1820		29978		3311
782		1820		29978		3311
783		1820		29978		3311
784		1820		29978		3311
785		1820		29978		3311
786		1820		29978		3311
787		1820		29978		3311
788		1820		29978		3311
789		1820		29978		3311
790		1820		29978		3311
791		1820		29978		3311
792		1820		29978		3311
793		1820		29978		3311
794		1820		29978		3311
795		1820		29978		3311
796		1820		29978		3311
797		1820		29978		3311
798		1820		29978		3311
799		1820		29978		3311
800		1820		29978		3311
801		1820		29978		3311
802		1820		29978		3311
803		1820		29978		3311
804		1820		29978		3311
805		1820		29978		3311
806		1820		29978		3311
807		1820		29978		3311
808		1820		29978		3311
809		1820		29978		3311
810		1820		29978		3311
811		1820		29978		3311
812		1820		29978		3311
813		1820		29978		3311
814		1820		29978		3311
815		1820		29978		3311
816		1820		29978		3311
817		1820		29978		3311
818		1820		29978		3311
819		1820		29978		3311
820		1820		29978		3311
821		1820		29978		3311
822		1820		29978		3311
823		1820		29978		3311
824		1820		29978		3311
825		1820		29978		3311
826		1820		29978		3311
827		1820		29978		3311
828		1820		29978		3311
829		1820		29978		3311
830		1820		29978		3311
831		1820		29978		3311
832		1820		29978		3311
833		1820		29978		3311
834		1820		29978		3311
835		1820		29978		3311
836		1820		29978		3311
837		1820		29978		3311
838		1820		29978		3311
839		1820		29978		3311
840		1820		29978		3311
841		1820		29978		3311
842		1820		29978		3311
843		1820		29978		3311
844		1820		29978		3311
845		1820		29978		3311
846		1820		29978		3311
847		1820		29978		3311
848		1820		29978		3311
849		1820		29978		3311
850		1820		29978		3311
851		1820		29978		3311
852		1820		29978		3311
853		1820		29978		3311
854		1820		29978		3311
855		1820		29978		3311
856		1820		29978		3311
857		1820		29978		3311
858		1820		29978		3311
859		1820		29978		3311
860		1820		29978		3311
861		1820		29978		3311
862		1820		29978		3311
863		1820		29978		3311
864		1820		29978		3311
865		1820		29978		3311
866		1820		29978		3311
867		1820		29978		3311
868		1820		29978		3311
869		1820		29978		3311
870		1820		29978		3311
871		1820		29978		3311
872		1820		29978		3311
873		1820		29978		3311
874		1820		29978		3311
875		1820		29978		3311
876		1820		29978		3311
877		1820		29978		3311
878		1820		29978		3311
879		1820		29978		3311
880		1820		29978		3311
881		1820		29978		3311
882		1820		29978		3311
883		1820		29978		3311
884		1820		29978		3311
885		1820		29978		3311
886		1820		29978		3311
887		1820		29978		3311
888		1820		29978		3311
889		1820		29978		3311
890		1820		29978		3311
891		1820		29978		3311
892		1820		29978		3311
893		1820		29978		3311
894		1820		29978		3311
895		1820		29978		3311
896		1820		29978		3311
897		1820		29978		3311
898		1820		29978		3311
899		1820		29978		3311
900		1820		29978		3311
901		1820		29978		3311
902		1820		29978		3311
903		1820		29978		3311
904		1820		29978		3311
905		1820		29978		3311
906		1820		29978		3311
907		1820		29978		3311
908		1820		29978		3311
909		1820		29978		3311
910		1820		29978		3311
911		1820		29978		3311
912		1820		29978		3311
913		1820		29978		3311
914		1820		29978		3311
915		1820		29978		3311
916		1820		29978		3311
917		1820		29978		3311
918		1820		29978		3311
919		1820		29978		3311
920		1820		29978		3311
921		1820		29978		3311
922		1820		29978		3311
923		1820		29978		3311
924		1820		29978		3311
925		1820		29978		3311
926		1820		29978		3311
927		1820		29978		3311
928		1820		29978		3311
929		1820		29978		3311
930		1820		29978		3311
931		1820		29978		3311
932		1820		29978		3311
933		1820		29978		3311
934		1820		29978		3311
935		1820		29978		3311
936		1820		29978		3311
937		1820		29978		3311
938		1820		29978		3311
939		1820		29978		3311
940		1820		29978		3311
941		1820		29978		3311
942		1820		29978		3311
943		1820		29978		3311
944		1820		29978		3311
945		1820		29978		3311
946		1820		29978		3311
947		1820		29978		3311
948		1820		29978		3311
949		1820		29978		3311
950		1820		29978		3311
951		1820		29978		3311
952		1820		29978		3311
953		1820		29978		3311
954		1820		29978		3311
955		1820		29978		3311
956		1820		29978		3311
957		1820		29978		3311
958		1820		29978		3311
959		1820		29978		3311
960		1820		29978		3311
961		1820		29978		3311
962		1820		29978		3311
963		1820		29978		3311
964		1820		29978		3311
965		1820		29978		3311
966		1820		29978		3311
967		1820		29978		3311
968		1820		29978		3311
969		1820		29978		3311
970		1820		29978		3311
971		1820		29978		3311
972		1820		29978		3311
973		1820		29978		3311
974		1820		29978		3311
975		1820		29978		3311
976		1820		29978		3311
977		1820		29978		3311
978		1820		29978		3311
979		1820		29978		3311
980		1820		29978		3311
981		1820		29978		3311
982		1820		29978		3311
983		1820		29978		3311
984		1820		29978		3311
985		1820		29978		3311
986		1820		29978		3311
987		1820		29978		3311
988		1820		29978		3311
989		1820		29978		3311
990		1820		29978		3311
991		1820		29978		3311
992		1820		29978		3311
993		1820		29978		3311
994		1820		29978		3311
995		1820		29978		3311
996		1820		29978		3311
997		1820		29978		3311
998		1820		29978		3311
999		1820		29978		3311
