# Migration is number of nodes that have changed color.

Round		Edge-Cut		Swaps		Migrations		Skipped
0		7116		4720		2911
1		6669		9439		3262
2		6639		14157		3365
3		6520		18875		3397
4		6536		23594		3483
5		6536		28313		3519
6		6610		33033		3463
7		6508		37752		3526
8		6531		42470		3537
9		6507		47189		3503
10		6484		51907		3527
11		6547		56623		3565
12		6316		61343		3492
13		6480		66062		3476
14		6583		70780		3549
15		6459		75497		3507
16		6517		80214		3519
17		6566		84933		3494
18		6546		89652		3550
19		6632		94371		3542
20		6472		99089		3551
21		6554		103808		3542
22		6375		108525		3524
23		6464		113240		3560
24		6412		117957		3516
25		6500		122674		3533
26		6431		127393		3504
27		6528		132112		3524
28		6425		136832		3507
29		6405		141549		3494
30		6583		146266		3590
31		6359		150984		3558
32		6478		155703		3571
33		6581		160419		3568
34		6622		165138		3580
35		6524		169856		3554
36		6457		174573		3536
37		6490		179286		3520
38		6442		184005		3552
39		6491		188723		3492
40		6456		193441		3525
41		6573		198158		3533
42		6535		202876		3533
43		6562		207592		3591
44		6490		212310		3547
45		6638		217028		3557
46		6542		221748		3567
47		6584		226465		3518
48		6660		231183		3501
49		6625		235898		3503
50		6573		240617		3539
51		6534		245332		3468
52		6393		250049		3525
53		6619		254767		3531
54		6534		259486		3526
55		6446		264205		3559
56		6598		268924		3558
57		6471		273641		3522
58		6367		278357		3517
59		6457		283072		3550
60		6589		287790		3575
61		6451		292509		3498
62		6609		297227		3495
63		6596		301946		3515
64		6523		306664		3535
65		6590		311381		3551
66		6613		316098		3555
67		6501		320815		3525
68		6584		325535		3531
69		6552		330251		3523
70		6533		334967		3538
71		6541		339686		3499
72		6603		344406		3505
73		6410		349123		3483
74		6552		353841		3517
75		6554		358558		3531
76		6405		363275		3509
77		6473		367991		3521
78		6462		372707		3495
79		6450		377425		3543
80		6438		382142		3516
81		6431		386859		3532
82		6399		391576		3476
83		6406		396293		3496
84		6481		401012		3533
85		6541		405729		3518
86		6577		410445		3532
87		6447		415163		3561
88		6481		419882		3567
89		6539		424599		3577
90		6513		429316		3592
91		6484		434034		3559
92		6612		438750		3546
93		6571		443469		3554
94		6433		448187		3536
95		6510		452905		3531
96		6562		457623		3517
97		6492		462343		3545
98		6505		467062		3540
99		6597		471780		3506
100		6558		476499		3494
101		6559		481218		3500
102		6490		485935		3515
103		6550		490650		3559
104		6512		495367		3537
105		6551		500086		3549
106		6489		504804		3561
107		6537		509523		3549
108		6492		514240		3556
109		6670		518957		3564
110		6461		523674		3544
111		6544		528392		3512
112		6393		533109		3507
113		6564		537825		3512
114		6503		542543		3518
115		6420		547261		3533
116		6374		551979		3539
117		6515		556698		3541
118		6548		561415		3545
119		6746		566133		3536
120		6661		570851		3588
121		6588		575570		3488
122		6596		580289		3524
123		6585		585008		3558
124		6640		589725		3517
125		6631		594442		3512
126		6531		599160		3558
127		6566		603878		3548
128		6521		608595		3522
129		6403		613310		3537
130		6611		618024		3550
131		6489		622741		3575
132		6322		627457		3613
133		6511		632175		3573
134		6599		636894		3527
135		6422		641612		3485
136		6447		646329		3494
137		6425		651049		3479
138		6622		655767		3488
139		6615		660484		3459
140		6460		665200		3511
141		6535		669919		3490
142		6576		674635		3474
143		6452		679350		3499
144		6554		684069		3511
145		6492		688784		3485
146		6583		693502		3497
147		6578		698221		3490
148		6546		702940		3489
149		6589		707658		3537
150		6654		712374		3550
151		6641		717094		3571
152		6631		721813		3558
153		6553		726533		3544
154		6529		731252		3524
155		6599		735970		3519
156		6542		740687		3507
157		6632		745404		3509
158		6486		750121		3534
159		6496		754839		3528
160		6687		759555		3524
161		6689		764273		3513
162		6686		768993		3579
163		6514		773710		3552
164		6509		778429		3553
165		6578		783149		3522
166		6531		787867		3523
167		6467		792585		3514
168		6534		797302		3550
169		6426		802021		3549
170		6653		806740		3511
171		6600		811459		3520
172		6538		816176		3510
173		6508		820893		3543
174		6491		825613		3542
175		6629		830333		3537
176		6465		835048		3549
177		6548		839768		3540
178		6612		844486		3554
179		6515		849204		3518
180		6531		853915		3490
181		6540		858630		3518
182		6573		863345		3518
183		6541		868063		3569
184		6433		872777		3551
185		6653		877493		3534
186		6641		882209		3514
187		6634		886928		3545
188		6521		891647		3583
189		6521		896367		3564
190		6550		901083		3530
191		6519		905803		3517
192		6657		910522		3488
193		6531		915240		3563
194		6357		919956		3508
195		6461		924671		3437
196		6593		929390		3475
197		6684		934108		3459
198		6550		938826		3484
199		6604		943541		3500
200		6453		948259		3535
201		6651		952979		3492
202		6448		957696		3516
203		6465		962409		3568
204		6485		967126		3516
205		6508		971841		3504
206		6533		976558		3545
207		6451		981277		3502
208		6618		985994		3548
209		6592		990710		3530
210		6431		995425		3510
211		6551		1000141		3520
212		6469		1004858		3549
213		6429		1009574		3541
214		6549		1014291		3529
215		6473		1019007		3541
216		6545		1023722		3498
217		6464		1028438		3525
218		6406		1033155		3504
219		6300		1037873		3549
220		6540		1042592		3561
221		6491		1047311		3533
222		6407		1052029		3554
223		6405		1056744		3578
224		6417		1061463		3549
225		6523		1066179		3505
226		6582		1070898		3511
227		6546		1075616		3500
228		6488		1080336		3489
229		6496		1085053		3535
230		6449		1089770		3529
231		6405		1094487		3558
232		6521		1099205		3544
233		6544		1103922		3517
234		6492		1108639		3489
235		6547		1113356		3511
236		6570		1118076		3567
237		6574		1122793		3548
238		6553		1127512		3511
239		6621		1132230		3526
240		6580		1136946		3533
241		6454		1141664		3555
242		6447		1146381		3556
243		6586		1151098		3557
244		6537		1155812		3554
245		6523		1160527		3602
246		6529		1165246		3570
247		6651		1169963		3538
248		6697		1174681		3489
249		6461		1179400		3521
250		6565		1184118		3523
251		6492		1188835		3506
252		6517		1193553		3474
253		6452		1198273		3485
254		6543		1202992		3503
255		6407		1207709		3544
256		6503		1212428		3506
257		6510		1217145		3522
258		6418		1221864		3514
259		6468		1226579		3532
260		6570		1231296		3551
261		6616		1236014		3481
262		6500		1240731		3534
263		6500		1245450		3495
264		6393		1250170		3540
265		6508		1254887		3527
266		6600		1259605		3539
267		6598		1264323		3561
268		6652		1269041		3575
269		6700		1273756		3544
270		6574		1278474		3544
271		6563		1283191		3564
272		6483		1287909		3588
273		6450		1292628		3579
274		6443		1297345		3567
275		6415		1302063		3579
276		6282		1306780		3577
277		6363		1311497		3578
278		6349		1316214		3579
279		6402		1320931		3560
280		6524		1325647		3561
281		6709		1330365		3542
282		6528		1335083		3596
283		6440		1339801		3588
284		6426		1344520		3577
285		6542		1349238		3549
286		6386		1353955		3563
287		6529		1358674		3552
288		6588		1363392		3562
289		6465		1368110		3556
290		6534		1372829		3551
291		6543		1377547		3523
292		6478		1382263		3532
293		6498		1386982		3558
294		6573		1391699		3503
295		6488		1396417		3554
296		6530		1401135		3591
297		6343		1405853		3560
298		6395		1410570		3512
299		6412		1415289		3522
300		6478		1420007		3510
301		6625		1424725		3497
302		6498		1429444		3525
303		6407		1434162		3543
304		6492		1438880		3539
305		6412		1443598		3513
306		6354		1448313		3516
307		6510		1453030		3491
308		6555		1457748		3525
309		6652		1462466		3528
310		6645		1467186		3537
311		6523		1471904		3532
312		6620		1476621		3549
313		6480		1481340		3576
314		6515		1486058		3529
315		6534		1490777		3562
316		6574		1495495		3554
317		6413		1500213		3532
318		6543		1504930		3573
319		6442		1509646		3566
320		6351		1514366		3523
321		6385		1519079		3559
322		6555		1523797		3526
323		6492		1528516		3531
324		6557		1533233		3574
325		6534		1537952		3525
326		6518		1542669		3529
327		6462		1547388		3599
328		6486		1552106		3581
329		6634		1556825		3575
330		6576		1561541		3577
331		6605		1566254		3603
332		6549		1570973		3558
333		6636		1575693		3581
334		6466		1580413		3520
335		6552		1585133		3543
336		6482		1589853		3561
337		6497		1594571		3580
338		6472		1599287		3580
339		6494		1604003		3603
340		6560		1608719		3547
341		6711		1613437		3497
342		6545		1618154		3532
343		6547		1622871		3514
344		6357		1627587		3551
345		6467		1632305		3556
346		6403		1637020		3529
347		6412		1641738		3557
348		6518		1646456		3540
349		6584		1651173		3539
350		6501		1655892		3564
351		6604		1660608		3539
352		6632		1665326		3534
353		6460		1670045		3523
354		6458		1674764		3565
355		6557		1679482		3545
356		6552		1684199		3571
357		6659		1688917		3498
358		6554		1693636		3501
359		6499		1698354		3498
360		6482		1703072		3547
361		6443		1707791		3476
362		6540		1712507		3544
363		6420		1717227		3484
364		6539		1721946		3495
365		6542		1726663		3526
366		6415		1731379		3534
367		6509		1736099		3532
368		6555		1740816		3505
369		6398		1745534		3533
370		6629		1750253		3539
371		6519		1754973		3517
372		6570		1759691		3562
373		6463		1764408		3554
374		6493		1769126		3549
375		6433		1773846		3533
376		6430		1778565		3572
377		6531		1783281		3559
378		6397		1787999		3560
379		6531		1792717		3515
380		6482		1797433		3552
381		6439		1802151		3507
382		6430		1806871		3576
383		6496		1811591		3546
384		6392		1816310		3561
385		6416		1821027		3578
386		6373		1825745		3524
387		6565		1830463		3514
388		6424		1835179		3543
389		6623		1839896		3508
390		6485		1844616		3543
391		6544		1849334		3590
392		6521		1854052		3522
393		6443		1858770		3502
394		6373		1863488		3519
395		6400		1868204		3544
396		6592		1872922		3559
397		6521		1877637		3568
398		6471		1882354		3532
399		6620		1887072		3566
400		6481		1891791		3578
401		6498		1896507		3562
402		6489		1901224		3534
403		6401		1905944		3590
404		6531		1910664		3555
405		6432		1915380		3554
406		6493		1920095		3590
407		6535		1924811		3571
408		6442		1929530		3527
409		6475		1934250		3517
410		6345		1938968		3570
411		6508		1943685		3566
412		6482		1948403		3533
413		6471		1953123		3540
414		6410		1957839		3526
415		6410		1962557		3550
416		6437		1967276		3516
417		6456		1971993		3522
418		6414		1976710		3523
419		6378		1981427		3505
420		6435		1986145		3540
421		6472		1990859		3575
422		6513		1995578		3526
423		6446		2000298		3588
424		6513		2005014		3537
425		6590		2009730		3580
426		6621		2014448		3545
427		6594		2019165		3513
428		6627		2023884		3484
429		6672		2028599		3456
430		6439		2033317		3503
431		6664		2038035		3531
432		6542		2042753		3549
433		6452		2047470		3544
434		6547		2052187		3537
435		6419		2056904		3532
436		6469		2061622		3527
437		6471		2066338		3503
438		6529		2071055		3479
439		6493		2075774		3500
440		6440		2080492		3488
441		6495		2085211		3531
442		6429		2089928		3567
443		6345		2094647		3605
444		6584		2099363		3543
445		6548		2104079		3558
446		6399		2108797		3602
447		6555		2113514		3641
448		6410		2118232		3596
449		6491		2122952		3561
450		6564		2127671		3589
451		6538		2132390		3584
452		6522		2137107		3507
453		6477		2141825		3476
454		6490		2146541		3532
455		6546		2151258		3525
456		6470		2155975		3530
457		6413		2160691		3453
458		6429		2165410		3473
459		6495		2170129		3501
460		6475		2174844		3514
461		6504		2179562		3492
462		6487		2184280		3473
463		6490		2188997		3440
464		6437		2193714		3514
465		6570		2198431		3545
466		6416		2203148		3508
467		6494		2207867		3525
468		6492		2212585		3547
469		6562		2217304		3571
470		6416		2222021		3565
471		6466		2226737		3547
472		6477		2231456		3484
473		6510		2236174		3500
474		6528		2240890		3528
475		6463		2245608		3538
476		6401		2250327		3554
477		6456		2255045		3603
478		6522		2259762		3615
479		6452		2264482		3522
480		6505		2269200		3622
481		6382		2273919		3517
482		6531		2278637		3594
483		6558		2283353		3553
484		6556		2288070		3523
485		6501		2292787		3546
486		6499		2297506		3577
487		6586		2302225		3578
488		6518		2306943		3537
489		6477		2311660		3541
490		6500		2316376		3549
491		6511		2321093		3539
492		6616		2325811		3542
493		6569		2330529		3510
494		6584		2335248		3562
495		6657		2339965		3545
496		6488		2344681		3574
497		6499		2349399		3544
498		6481		2354117		3543
499		6508		2358833		3522
500		6523		2363549		3549
501		6431		2368264		3488
502		6623		2372981		3528
503		6575		2377700		3519
504		6498		2382418		3505
505		6571		2387138		3554
506		6443		2391857		3547
507		6499		2396575		3560
508		6492		2401290		3483
509		6575		2406009		3510
510		6545		2410724		3515
511		6553		2415440		3489
512		6408		2420158		3548
513		6389		2424872		3499
514		6406		2429589		3546
515		6466		2434307		3502
516		6452		2439024		3486
517		6493		2443741		3452
518		6575		2448457		3507
519		6546		2453175		3578
520		6562		2457894		3538
521		6564		2462613		3543
522		6654		2467328		3566
523		6427		2472045		3491
524		6490		2476764		3537
525		6572		2481483		3581
526		6541		2486200		3564
527		6652		2490918		3518
528		6504		2495633		3538
529		6535		2500352		3568
530		6439		2505069		3571
531		6574		2509786		3533
532		6474		2514502		3549
533		6502		2519218		3532
534		6570		2523932		3532
535		6614		2528647		3519
536		6571		2533364		3584
537		6356		2538081		3571
538		6440		2542796		3537
539		6324		2547516		3546
540		6420		2552235		3550
541		6569		2556952		3549
542		6533		2561669		3606
543		6526		2566387		3571
544		6634		2571105		3623
545		6581		2575822		3571
546		6447		2580540		3564
547		6509		2585260		3540
548		6383		2589979		3593
549		6576		2594698		3554
550		6632		2599417		3514
551		6556		2604135		3528
552		6619		2608853		3541
553		6520		2613571		3579
554		6441		2618289		3533
555		6451		2623006		3521
556		6575		2627722		3515
557		6502		2632442		3508
558		6595		2637159		3512
559		6500		2641876		3502
560		6694		2646595		3530
561		6597		2651314		3589
562		6488		2656033		3566
563		6515		2660750		3535
564		6389		2665469		3580
565		6319		2670187		3570
566		6430		2674905		3544
567		6648		2679623		3537
568		6595		2684341		3538
569		6538		2689060		3520
570		6567		2693778		3504
571		6535		2698496		3520
572		6496		2703215		3539
573		6563		2707933		3527
574		6505		2712648		3505
575		6625		2717363		3526
576		6539		2722080		3514
577		6480		2726798		3494
578		6422		2731515		3528
579		6370		2736234		3560
580		6406		2740952		3532
581		6493		2745668		3551
582		6515		2750387		3516
583		6470		2755107		3507
584		6530		2759824		3480
585		6439		2764538		3492
586		6470		2769251		3487
587		6530		2773968		3501
588		6622		2778685		3524
589		6468		2783401		3535
590		6598		2788118		3527
591		6448		2792836		3545
592		6531		2797554		3550
593		6481		2802271		3525
594		6445		2806990		3542
595		6391		2811707		3501
596		6326		2816424		3531
597		6525		2821143		3492
598		6509		2825863		3519
599		6533		2830580		3562
600		6443		2835295		3534
601		6409		2840014		3580
602		6551		2844732		3528
603		6390		2849451		3561
604		6519		2854168		3513
605		6428		2858883		3566
606		6522		2863602		3516
607		6592		2868320		3517
608		6506		2873037		3539
609		6482		2877755		3559
610		6482		2882474		3520
611		6486		2887192		3555
612		6475		2891911		3544
613		6579		2896629		3595
614		6527		2901348		3540
615		6514		2906067		3553
616		6461		2910784		3550
617		6565		2915501		3583
618		6520		2920219		3498
619		6425		2924936		3540
620		6506		2929649		3541
621		6444		2934366		3473
622		6506		2939084		3480
623		6460		2943801		3522
624		6463		2948517		3551
625		6539		2953235		3538
626		6372		2957952		3568
627		6538		2962665		3557
628		6526		2967384		3527
629		6488		2972102		3554
630		6389		2976820		3557
631		6380		2981537		3575
632		6372		2986254		3581
633		6437		2990973		3587
634		6421		2995689		3567
635		6490		3000406		3572
636		6482		3005122		3598
637		6610		3009839		3544
638		6608		3014557		3533
639		6501		3019275		3529
640		6349		3023993		3537
641		6354		3028713		3520
642		6376		3033430		3514
643		6418		3038148		3519
644		6365		3042867		3492
645		6509		3047584		3543
646		6350		3052303		3572
647		6424		3057021		3565
648		6313		3061740		3486
649		6425		3066457		3525
650		6583		3071177		3534
651		6472		3075894		3542
652		6437		3080612		3554
653		6433		3085330		3542
654		6472		3090049		3538
655		6430		3094766		3518
656		6485		3099485		3500
657		6502		3104203		3532
658		6551		3108922		3522
659		6490		3113640		3494
660		6516		3118357		3574
661		6602		3123074		3613
662		6477		3127793		3551
663		6611		3132508		3578
664		6395		3137223		3573
665		6509		3141939		3572
666		6586		3146654		3571
667		6492		3151370		3567
668		6563		3156085		3579
669		6561		3160803		3583
670		6428		3165520		3572
671		6507		3170238		3596
672		6510		3174955		3548
673		6561		3179673		3573
674		6608		3184391		3591
675		6562		3189109		3602
676		6544		3193828		3553
677		6619		3198543		3593
678		6504		3203261		3557
679		6587		3207978		3570
680		6511		3212695		3589
681		6607		3217414		3538
682		6533		3222132		3482
683		6498		3226851		3517
684		6530		3231571		3498
685		6444		3236289		3519
686		6586		3241008		3541
687		6477		3245725		3536
688		6559		3250442		3554
689		6433		3255162		3589
690		6504		3259878		3548
691		6553		3264595		3536
692		6427		3269313		3535
693		6505		3274029		3553
694		6458		3278746		3574
695		6564		3283465		3549
696		6582		3288181		3531
697		6487		3292897		3539
698		6441		3297617		3483
699		6414		3302334		3486
700		6542		3307053		3531
701		6468		3311769		3540
702		6354		3316487		3475
703		6464		3321206		3552
704		6428		3325925		3541
705		6410		3330642		3541
706		6314		3335362		3575
707		6410		3340080		3565
708		6523		3344796		3558
709		6352		3349514		3547
710		6372		3354228		3591
711		6347		3358943		3582
712		6425		3363661		3570
713		6516		3368378		3548
714		6639		3373096		3527
715		6579		3377815		3494
716		6485		3382533		3534
717		6526		3387251		3558
718		6423		3391969		3539
719		6464		3396687		3545
720		6523		3401407		3546
721		6481		3406126		3515
722		6506		3410843		3565
723		6579		3415559		3560
724		6499		3420277		3549
725		6507		3424997		3558
726		6491		3429715		3561
727		6483		3434434		3549
728		6541		3439150		3548
729		6415		3443867		3553
730		6493		3448582		3583
731		6549		3453300		3567
732		6344		3458016		3561
733		6444		3462733		3500
734		6518		3467448		3504
735		6627		3472168		3506
736		6509		3476887		3509
737		6561		3481604		3513
738		6623		3486322		3561
739		6547		3491042		3546
740		6568		3495759		3557
741		6546		3500477		3537
742		6516		3505197		3575
743		6590		3509913		3543
744		6481		3514630		3547
745		6631		3519349		3471
746		6519		3524068		3532
747		6441		3528786		3564
748		6456		3533505		3538
749		6442		3538223		3574
750		6519		3542942		3557
751		6589		3547661		3513
752		6467		3552379		3534
753		6465		3557098		3526
754		6448		3561815		3565
755		6370		3566533		3579
756		6442		3571250		3528
757		6501		3575966		3497
758		6445		3580684		3544
759		6472		3585404		3560
760		6614		3590119		3561
761		6461		3594838		3559
762		6654		3599557		3525
763		6645		3604273		3568
764		6534		3608992		3544
765		6535		3613709		3579
766		6549		3618426		3569
767		6617		3623145		3555
768		6398		3627861		3553
769		6459		3632579		3569
770		6473		3637298		3531
771		6360		3642014		3540
772		6462		3646729		3525
773		6514		3651447		3564
774		6670		3656165		3516
775		6422		3660884		3530
776		6550		3665602		3539
777		6382		3670321		3515
778		6425		3675039		3530
779		6513		3679757		3553
780		6561		3684475		3501
781		6483		3689195		3544
782		6403		3693913		3500
783		6469		3698632		3517
784		6432		3703350		3557
785		6467		3708067		3556
786		6556		3712781		3552
787		6523		3717499		3508
788		6556		3722214		3517
789		6554		3726930		3489
790		6397		3731647		3514
791		6405		3736365		3518
792		6413		3741079		3511
793		6481		3745797		3530
794		6491		3750514		3550
795		6454		3755231		3508
796		6661		3759948		3522
797		6508		3764665		3515
798		6435		3769380		3524
799		6525		3774096		3552
800		6497		3778812		3521
801		6515		3783532		3499
802		6485		3788248		3497
803		6415		3792963		3528
804		6420		3797682		3502
805		6394		3802398		3552
806		6499		3807116		3578
807		6394		3811835		3468
808		6322		3816554		3513
809		6514		3821272		3506
810		6462		3825990		3503
811		6495		3830709		3488
812		6520		3835428		3511
813		6411		3840146		3487
814		6510		3844862		3509
815		6527		3849579		3545
816		6537		3854296		3494
817		6628		3859015		3534
818		6472		3863733		3548
819		6434		3868449		3525
820		6363		3873164		3579
821		6617		3877882		3586
822		6505		3882598		3564
823		6427		3887315		3597
824		6442		3892033		3575
825		6500		3896749		3580
826		6557		3901467		3534
827		6421		3906186		3576
828		6509		3910905		3549
829		6582		3915623		3593
830		6507		3920341		3564
831		6507		3925057		3575
832		6451		3929776		3528
833		6553		3934495		3528
834		6561		3939214		3520
835		6565		3943931		3566
836		6545		3948648		3577
837		6520		3953365		3580
838		6549		3958082		3554
839		6589		3962799		3552
840		6513		3967516		3567
841		6466		3972231		3556
842		6520		3976947		3517
843		6548		3981662		3554
844		6457		3986379		3517
845		6471		3991092		3539
846		6514		3995810		3525
847		6615		4000527		3526
848		6487		4005246		3566
849		6523		4009963		3586
850		6606		4014682		3543
851		6585		4019401		3571
852		6567		4024118		3537
853		6496		4028833		3554
854		6551		4033551		3515
855		6452		4038269		3525
856		6522		4042989		3522
857		6431		4047707		3550
858		6492		4052427		3547
859		6542		4057143		3538
860		6576		4061861		3531
861		6583		4066578		3525
862		6678		4071296		3516
863		6504		4076013		3537
864		6507		4080733		3552
865		6611		4085452		3489
866		6496		4090170		3560
867		6590		4094886		3516
868		6410		4099605		3514
869		6539		4104321		3531
870		6531		4109039		3546
871		6333		4113756		3560
872		6516		4118473		3492
873		6479		4123188		3512
874		6580		4127905		3546
875		6512		4132623		3492
876		6569		4137340		3529
877		6476		4142056		3513
878		6452		4146775		3505
879		6575		4151492		3531
880		6486		4156205		3569
881		6448		4160921		3527
882		6526		4165638		3567
883		6407		4170356		3600
884		6400		4175075		3534
885		6458		4179792		3521
886		6471		4184510		3521
887		6524		4189229		3560
888		6647		4193945		3517
889		6591		4198665		3512
890		6516		4203382		3550
891		6421		4208100		3493
892		6456		4212816		3525
893		6372		4217530		3539
894		6552		4222247		3504
895		6645		4226965		3531
896		6475		4231682		3527
897		6564		4236400		3568
898		6395		4241118		3548
899		6417		4245836		3522
900		6376		4250554		3518
901		6433		4255273		3514
902		6547		4259990		3499
903		6489		4264707		3528
904		6554		4269425		3531
905		6509		4274142		3542
906		6525		4278860		3541
907		6514		4283576		3501
908		6462		4288295		3486
909		6671		4293013		3463
910		6487		4297732		3535
911		6454		4302451		3492
912		6505		4307169		3485
913		6473		4311886		3496
914		6560		4316606		3457
915		6612		4321324		3493
916		6619		4326043		3557
917		6503		4330760		3527
918		6620		4335479		3514
919		6543		4340195		3542
920		6592		4344913		3555
921		6560		4349631		3516
922		6442		4354349		3493
923		6534		4359067		3535
924		6493		4363783		3557
925		6549		4368500		3584
926		6585		4373219		3548
927		6562		4377935		3539
928		6578		4382654		3548
929		6640		4387373		3546
930		6528		4392092		3581
931		6631		4396810		3531
932		6503		4401527		3553
933		6520		4406243		3546
934		6666		4410961		3530
935		6507		4415679		3530
936		6389		4420394		3499
937		6430		4425108		3534
938		6497		4429828		3507
939		6566		4434543		3474
940		6566		4439260		3478
941		6499		4443978		3480
942		6548		4448696		3511
943		6514		4453415		3531
944		6509		4458133		3541
945		6445		4462853		3522
946		6605		4467573		3518
947		6553		4472291		3551
948		6547		4477009		3559
949		6611		4481727		3493
950		6446		4486444		3552
951		6506		4491162		3574
952		6434		4495881		3554
953		6397		4500600		3523
954		6368		4505317		3545
955		6483		4510034		3547
956		6479		4514752		3551
957		6630		4519469		3495
958		6634		4524187		3566
959		6767		4528904		3600
960		6601		4533623		3583
961		6512		4538340		3563
962		6543		4543057		3574
963		6424		4547775		3604
964		6418		4552494		3591
965		6438		4557211		3574
966		6585		4561929		3534
967		6551		4566647		3557
968		6510		4571366		3554
969		6494		4576085		3540
970		6467		4580802		3532
971		6415		4585520		3495
972		6452		4590239		3542
973		6383		4594957		3529
974		6342		4599675		3545
975		6455		4604390		3517
976		6534		4609110		3490
977		6602		4613829		3551
978		6535		4618546		3546
979		6513		4623261		3550
980		6570		4627980		3513
981		6447		4632698		3534
982		6525		4637417		3576
983		6502		4642134		3538
984		6595		4646852		3527
985		6522		4651571		3565
986		6666		4656289		3529
987		6504		4661009		3525
988		6396		4665726		3529
989		6422		4670444		3503
990		6373		4675163		3551
991		6542		4679882		3521
992		6662		4684600		3514
993		6429		4689319		3544
994		6251		4694038		3549
995		6477		4698755		3552
996		6603		4703472		3530
997		6493		4708191		3518
998		6427		4712907		3490
999		6339		4717625		3503
