# Migration is number of nodes that have changed color.

Round		Edge-Cut		Swaps		Migrations		Skipped
0		8339		3900		3093
1		7169		6798		3152
2		6399		9154		3200
3		5765		11065		3198
4		5262		12652		3220
5		4844		14020		3221
6		4549		15256		3235
7		4216		16199		3230
8		4045		17008		3239
9		3897		17793		3238
10		3677		18546		3257
11		3574		19164		3270
12		3454		19806		3283
13		3302		20424		3264
14		3189		20909		3266
15		3128		21304		3271
16		3059		21680		3266
17		2981		22089		3281
18		2934		22444		3286
19		2870		22803		3297
20		2821		23075		3292
21		2768		23393		3292
22		2744		23705		3294
23		2698		24011		3314
24		2647		24293		3308
25		2620		24542		3299
26		2586		24801		3307
27		2558		25014		3308
28		2517		25219		3302
29		2497		25457		3293
30		2478		25699		3301
31		2445		25942		3302
32		2421		26134		3304
33		2401		26314		3304
34		2368		26471		3308
35		2351		26649		3304
36		2336		26786		3311
37		2318		26941		3324
38		2319		27089		3318
39		2300		27246		3313
40		2281		27401		3321
41		2270		27561		3324
42		2281		27700		3332
43		2261		27882		3328
44		2259		28049		3334
45		2237		28232		3333
46		2226		28384		3328
47		2184		28528		3332
48		2179		28650		3320
49		2161		28776		3317
50		2150		28904		3321
51		2121		29010		3317
52		2115		29120		3327
53		2101		29234		3328
54		2084		29316		3328
55		2067		29400		3336
56		2046		29496		3336
57		2028		29572		3334
58		2016		29626		3337
59		2008		29684		3333
60		2015		29762		3340
61		2016		29854		3341
62		2003		29939		3336
63		1999		30018		3341
64		1989		30070		3336
65		1989		30154		3332
66		1976		30211		3338
67		1966		30271		3346
68		1970		30331		3345
69		1969		30395		3349
70		1978		30456		3337
71		1961		30520		3338
72		1960		30580		3346
73		1956		30631		3343
74		1951		30678		3346
75		1955		30751		3346
76		1954		30829		3345
77		1962		30907		3349
78		1943		30989		3341
79		1942		31051		3339
80		1938		31108		3339
81		1924		31174		3336
82		1925		31229		3334
83		1916		31291		3334
84		1921		31342		3338
85		1925		31406		3335
86		1926		31470		3342
87		1923		31558		3350
88		1904		31621		3351
89		1902		31694		3344
90		1901		31757		3342
91		1893		31812		3341
92		1895		31856		3347
93		1879		31899		3345
94		1885		31950		3342
95		1884		32006		3341
96		1872		32047		3343
97		1874		32110		3345
98		1869		32156		3348
99		1857		32204		3354
100		1856		32249		3344
101		1852		32293		3349
102		1856		32351		3355
103		1853		32400		3357
104		1845		32443		3356
105		1853		32503		3358
106		1847		32552		3349
107		1847		32600		3351
108		1843		32663		3347
109		1844		32716		3348
110		1819		32756		3356
111		1817		32798		3353
112		1822		32832		3357
113		1815		32863		3352
114		1815		32909		3352
115		1821		32953		3351
116		1820		32979		3354
117		1822		33023		3350
118		1826		33075		3350
119		1820		33134		3358
120		1820		33186		3360
121		1815		33237		3365
122		1805		33305		3363
123		1799		33358		3361
124		1797		33431		3355
125		1787		33480		3362
126		1782		33528		3358
127		1776		33565		3357
128		1774		33602		3362
129		1767		33637		3358
130		1765		33676		3357
131		1763		33726		3359
132		1747		33761		3358
133		1744		33798		3358
134		1744		33834		3367
135		1738		33866		3370
136		1738		33894		3363
137		1727		33917		3366
138		1730		33951		3366
139		1729		33980		3361
140		1732		34024		3362
141		1731		34048		3362
142		1724		34074		3363
143		1725		34093		3363
144		1729		34113		3365
145		1727		34126		3368
146		1723		34141		3366
147		1718		34156		3364
148		1704		34184		3368
149		1701		34204		3368
150		1700		34229		3368
151		1699		34256		3366
152		1700		34286		3369
153		1697		34316		3369
154		1696		34335		3368
155		1691		34355		3367
156		1693		34376		3369
157		1697		34395		3366
158		1698		34416		3370
159		1696		34431		3371
160		1686		34447		3367
161		1686		34453		3372
162		1685		34463		3371
163		1682		34473		3367
164		1680		34485		3370
165		1682		34497		3368
166		1680		34517		3368
167		1682		34535		3369
168		1677		34545		3371
169		1682		34562		3368
170		1675		34577		3370
171		1677		34589		3373
172		1679		34604		3375
173		1675		34619		3373
174		1670		34635		3370
175		1666		34650		3370
176		1669		34661		3371
177		1673		34669		3368
178		1668		34683		3366
179		1669		34699		3368
180		1670		34711		3367
181		1670		34722		3374
182		1666		34735		3372
183		1659		34749		3372
184		1663		34762		3371
185		1667		34774		3372
186		1668		34789		3364
187		1669		34811		3365
188		1660		34831		3367
189		1661		34836		3367
190		1659		34846		3369
191		1659		34852		3367
192		1657		34857		3367
193		1655		34863		3368
194		1655		34870		3366
195		1655		34874		3367
196		1656		34878		3369
197		1662		34892		3369
198		1661		34901		3369
199		1662		34917		3366
200		1658		34926		3370
201		1660		34940		3370
202		1661		34956		3370
203		1662		34973		3366
204		1662		34986		3372
205		1659		35001		3367
206		1658		35012		3374
207		1657		35025		3368
208		1656		35040		3367
209		1654		35062		3367
210		1655		35074		3369
211		1655		35089		3368
212		1661		35112		3366
213		1661		35137		3368
214		1660		35154		3366
215		1663		35169		3366
216		1670		35201		3361
217		1669		35237		3358
218		1669		35264		3358
219		1672		35297		3368
220		1667		35328		3363
221		1659		35354		3366
222		1656		35373		3367
223		1660		35392		3365
224		1660		35410		3367
225		1665		35432		3362
226		1666		35454		3369
227		1664		35473		3363
228		1664		35501		3366
229		1659		35518		3367
230		1661		35553		3364
231		1659		35572		3365
232		1653		35595		3362
233		1652		35609		3361
234		1649		35621		3361
235		1656		35638		3361
236		1656		35650		3363
237		1652		35672		3364
238		1652		35684		3362
239		1650		35702		3361
240		1646		35716		3360
241		1640		35737		3364
242		1636		35748		3364
243		1637		35758		3366
244		1639		35772		3365
245		1637		35785		3367
246		1641		35815		3369
247		1644		35833		3372
248		1641		35858		3371
249		1644		35879		3371
250		1645		35893		3371
251		1640		35912		3370
252		1639		35921		3369
253		1632		35942		3368
254		1628		35960		3371
255		1626		35968		3370
256		1623		35983		3373
257		1617		35992		3371
258		1616		35997		3370
259		1616		36006		3366
260		1618		36010		3370
261		1615		36016		3367
262		1619		36027		3365
263		1612		36035		3366
264		1609		36038		3368
265		1608		36040		3365
266		1609		36041		3364
267		1609		36041		3364
268		1609		36043		3364
269		1610		36044		3364
270		1609		36046		3367
271		1610		36055		3364
272		1614		36065		3364
273		1617		36079		3366
274		1609		36087		3366
275		1604		36094		3367
276		1599		36102		3366
277		1601		36109		3365
278		1600		36114		3370
279		1595		36118		3370
280		1596		36122		3368
281		1599		36130		3372
282		1594		36137		3370
283		1593		36141		3371
284		1600		36155		3369
285		1594		36160		3371
286		1594		36162		3369
287		1594		36164		3371
288		1595		36167		3372
289		1594		36170		3371
290		1594		36174		3373
291		1594		36177		3371
292		1589		36181		3373
293		1589		36181		3373
294		1589		36181		3373
295		1589		36181		3373
296		1589		36181		3373
297		1589		36181		3373
298		1589		36181		3373
299		1589		36181		3373
300		1589		36181		3373
301		1589		36181		3373
302		1589		36181		3373
303		1589		36181		3373
304		1589		36181		3373
305		1589		36181		3373
306		1589		36181		3373
307		1589		36181		3373
308		1589		36181		3373
309		1589		36181		3373
310		1589		36181		3373
311		1589		36181		3373
312		1589		36181		3373
313		1589		36181		3373
314		1589		36181		3373
315		1589		36181		3373
316		1589		36181		3373
317		1589		36181		3373
318		1589		36182		3372
319		1589		36184		3372
320		1589		36186		3372
321		1590		36187		3372
322		1590		36188		3372
323		1590		36191		3372
324		1589		36193		3372
325		1590		36194		3372
326		1589		36196		3372
327		1589		36198		3372
328		1590		36199		3372
329		1589		36201		3372
330		1589		36203		3372
331		1590		36204		3372
332		1589		36207		3372
333		1590		36208		3372
334		1589		36211		3372
335		1590		36212		3372
336		1589		36214		3372
337		1590		36215		3372
338		1589		36218		3372
339		1590		36219		3372
340		1589		36222		3372
341		1589		36224		3372
342		1588		36225		3371
343		1588		36225		3371
344		1588		36225		3371
345		1588		36225		3371
346		1588		36225		3371
347		1588		36225		3371
348		1588		36225		3371
349		1588		36225		3371
350		1588		36225		3371
351		1588		36225		3371
352		1588		36225		3371
353		1588		36225		3371
354		1588		36225		3371
355		1588		36225		3371
356		1588		36225		3371
357		1588		36225		3371
358		1588		36225		3371
359		1588		36225		3371
360		1588		36225		3371
361		1588		36225		3371
362		1588		36225		3371
363		1588		36225		3371
364		1588		36225		3371
365		1588		36225		3371
366		1588		36225		3371
367		1588		36225		3371
368		1588		36225		3371
369		1588		36225		3371
370		1588		36225		3371
371		1588		36225		3371
372		1588		36225		3371
373		1588		36225		3371
374		1588		36225		3371
375		1588		36225		3371
376		1588		36225		3371
377		1588		36225		3371
378		1588		36225		3371
379		1588		36225		3371
380		1588		36225		3371
381		1588		36225		3371
382		1588		36225		3371
383		1588		36225		3371
384		1588		36225		3371
385		1588		36225		3371
386		1588		36225		3371
387		1588		36225		3371
388		1588		36225		3371
389		1588		36225		3371
390		1588		36225		3371
391		1588		36225		3371
392		1588		36225		3371
393		1588		36225		3371
394		1588		36225		3371
395		1588		36225		3371
396		1588		36225		3371
397		1588		36225		3371
398		1588		36225		3371
399		1588		36225		3371
400		1588		36225		3371
401		1588		36225		3371
402		1590		36227		3370
403		1590		36228		3371
404		1590		36228		3371
405		1590		36229		3370
406		1590		36231		3370
407		1591		36232		3371
408		1591		36232		3371
409		1591		36232		3371
410		1591		36232		3371
411		1591		36232		3371
412		1591		36232		3371
413		1591		36232		3371
414		1589		36233		3370
415		1589		36233		3370
416		1589		36233		3370
417		1589		36233		3370
418		1589		36233		3370
419		1589		36233		3370
420		1589		36233		3370
421		1589		36233		3370
422		1589		36233		3370
423		1589		36233		3370
424		1589		36233		3370
425		1589		36233		3370
426		1589		36233		3370
427		1589		36233		3370
428		1589		36233		3370
429		1589		36233		3370
430		1589		36233		3370
431		1589		36233		3370
432		1589		36233		3370
433		1589		36233		3370
434		1588		36234		3371
435		1588		36234		3371
436		1588		36234		3371
437		1588		36234		3371
438		1588		36234		3371
439		1588		36234		3371
440		1588		36234		3371
441		1588		36234		3371
442		1588		36234		3371
443		1588		36234		3371
444		1588		36234		3371
445		1588		36234		3371
446		1588		36234		3371
447		1588		36234		3371
448		1588		36234		3371
449		1588		36234		3371
450		1588		36234		3371
451		1588		36234		3371
452		1588		36234		3371
453		1588		36234		3371
454		1588		36234		3371
455		1588		36234		3371
456		1588		36234		3371
457		1588		36234		3371
458		1588		36234		3371
459		1588		36234		3371
460		1588		36234		3371
461		1588		36234		3371
462		1588		36234		3371
463		1588		36234		3371
464		1588		36234		3371
465		1588		36234		3371
466		1588		36234		3371
467		1588		36234		3371
468		1588		36234		3371
469		1588		36234		3371
470		1588		36234		3371
471		1588		36234		3371
472		1588		36234		3371
473		1588		36234		3371
474		1588		36234		3371
475		1588		36234		3371
476		1588		36234		3371
477		1588		36234		3371
478		1588		36234		3371
479		1588		36234		3371
480		1588		36234		3371
481		1588		36234		3371
482		1588		36234		3371
483		1588		36234		3371
484		1588		36234		3371
485		1588		36234		3371
486		1588		36234		3371
487		1588		36234		3371
488		1588		36234		3371
489		1588		36234		3371
490		1588		36234		3371
491		1588		36234		3371
492		1588		36234		3371
493		1588		36234		3371
494		1588		36234		3371
495		1588		36234		3371
496		1588		36234		3371
497		1588		36234		3371
498		1588		36234		3371
499		1588		36234		3371
500		1588		36234		3371
501		1588		36234		3371
502		1588		36234		3371
503		1588		36234		3371
504		1588		36234		3371
505		1588		36234		3371
506		1588		36234		3371
507		1588		36234		3371
508		1588		36234		3371
509		1588		36234		3371
510		1588		36234		3371
511		1588		36234		3371
512		1588		36234		3371
513		1588		36234		3371
514		1588		36234		3371
515		1588		36234		3371
516		1588		36234		3371
517		1588		36234		3371
518		1588		36234		3371
519		1588		36234		3371
520		1588		36234		3371
521		1588		36234		3371
522		1588		36234		3371
523		1588		36234		3371
524		1588		36234		3371
525		1588		36234		3371
526		1588		36234		3371
527		1588		36234		3371
528		1588		36234		3371
529		1588		36234		3371
530		1588		36234		3371
531		1588		36234		3371
532		1588		36234		3371
533		1588		36234		3371
534		1588		36234		3371
535		1588		36234		3371
536		1588		36234		3371
537		1588		36234		3371
538		1588		36234		3371
539		1588		36234		3371
540		1588		36234		3371
541		1588		36234		3371
542		1588		36234		3371
543		1588		36234		3371
544		1588		36234		3371
545		1588		36234		3371
546		1588		36234		3371
547		1588		36234		3371
548		1588		36234		3371
549		1588		36234		3371
550		1588		36234		3371
551		1588		36234		3371
552		1588		36234		3371
553		1588		36234		3371
554		1588		36234		3371
555		1588		36234		3371
556		1588		36234		3371
557		1588		36234		3371
558		1588		36234		3371
559		1588		36234		3371
560		1588		36234		3371
561		1588		36234		3371
562		1588		36234		3371
563		1588		36234		3371
564		1588		36234		3371
565		1588		36234		3371
566		1588		36234		3371
567		1588		36234		3371
568		1588		36234		3371
569		1588		36234		3371
570		1588		36234		3371
571		1588		36234		3371
572		1588		36234		3371
573		1588		36234		3371
574		1588		36234		3371
575		1588		36234		3371
576		1588		36234		3371
577		1588		36234		3371
578		1588		36234		3371
579		1588		36234		3371
580		1588		36234		3371
581		1588		36234		3371
582		1588		36234		3371
583		1588		36234		3371
584		1588		36234		3371
585		1588		36234		3371
586		1588		36234		3371
587		1588		36234		3371
588		1588		36234		3371
589		1588		36234		3371
590		1588		36234		3371
591		1588		36234		3371
592		1588		36234		3371
593		1588		36234		3371
594		1588		36234		3371
595		1588		36234		3371
596		1588		36234		3371
597		1588		36234		3371
598		1588		36234		3371
599		1588		36234		3371
600		1588		36234		3371
601		1588		36234		3371
602		1588		36234		3371
603		1588		36234		3371
604		1588		36234		3371
605		1588		36234		3371
606		1588		36234		3371
607		1588		36234		3371
608		1588		36234		3371
609		1588		36234		3371
610		1588		36234		3371
611		1588		36234		3371
612		1588		36234		3371
613		1588		36234		3371
614		1588		36234		3371
615		1588		36234		3371
616		1588		36234		3371
617		1588		36234		3371
618		1588		36234		3371
619		1588		36234		3371
620		1588		36234		3371
621		1588		36234		3371
622		1588		36234		3371
623		1588		36234		3371
624		1588		36234		3371
625		1588		36234		3371
626		1588		36234		3371
627		1588		36234		3371
628		1588		36234		3371
629		1588		36234		3371
630		1588		36234		3371
631		1588		36234		3371
632		1588		36234		3371
633		1588		36234		3371
634		1588		36234		3371
635		1588		36234		3371
636		1588		36234		3371
637		1588		36234		3371
638		1588		36234		3371
639		1588		36234		3371
640		1588		36234		3371
641		1588		36234		3371
642		1588		36234		3371
643		1588		36234		3371
644		1588		36234		3371
645		1588		36234		3371
646		1588		36234		3371
647		1588		36234		3371
648		1588		36234		3371
649		1588		36234		3371
650		1588		36234		3371
651		1588		36234		3371
652		1588		36234		3371
653		1588		36234		3371
654		1588		36234		3371
655		1588		36234		3371
656		1588		36234		3371
657		1588		36234		3371
658		1588		36234		3371
659		1588		36234		3371
660		1588		36234		3371
661		1588		36234		3371
662		1588		36234		3371
663		1588		36234		3371
664		1588		36234		3371
665		1588		36234		3371
666		1588		36234		3371
667		1588		36234		3371
668		1588		36234		3371
669		1588		36234		3371
670		1588		36234		3371
671		1588		36234		3371
672		1588		36234		3371
673		1588		36234		3371
674		1588		36234		3371
675		1588		36234		3371
676		1588		36234		3371
677		1588		36234		3371
678		1588		36234		3371
679		1588		36234		3371
680		1588		36234		3371
681		1588		36234		3371
682		1588		36234		3371
683		1588		36234		3371
684		1588		36234		3371
685		1588		36234		3371
686		1588		36234		3371
687		1588		36234		3371
688		1588		36234		3371
689		1588		36234		3371
690		1588		36234		3371
691		1588		36234		3371
692		1588		36234		3371
693		1588		36234		3371
694		1588		36234		3371
695		1588		36234		3371
696		1588		36234		3371
697		1588		36234		3371
698		1588		36234		3371
699		1588		36234		3371
700		1588		36234		3371
701		1588		36234		3371
702		1588		36234		3371
703		1588		36234		3371
704		1588		36234		3371
705		1588		36234		3371
706		1588		36234		3371
707		1588		36234		3371
708		1588		36234		3371
709		1588		36234		3371
710		1588		36234		3371
711		1588		36234		3371
712		1588		36234		3371
713		1588		36234		3371
714		1588		36234		3371
715		1588		36234		3371
716		1588		36234		3371
717		1588		36234		3371
718		1588		36234		3371
719		1588		36234		3371
720		1588		36234		3371
721		1588		36234		3371
722		1588		36234		3371
723		1588		36234		3371
724		1588		36234		3371
725		1588		36234		3371
726		1588		36234		3371
727		1588		36234		3371
728		1588		36234		3371
729		1588		36234		3371
730		1588		36234		3371
731		1588		36234		3371
732		1588		36234		3371
733		1588		36234		3371
734		1588		36234		3371
735		1588		36234		3371
736		1588		36234		3371
737		1588		36234		3371
738		1588		36234		3371
739		1588		36234		3371
740		1588		36234		3371
741		1588		36234		3371
742		1588		36234		3371
743		1588		36234		3371
744		1588		36234		3371
745		1588		36234		3371
746		1588		36234		3371
747		1588		36234		3371
748		1588		36234		3371
749		1588		36234		3371
750		1588		36234		3371
751		1588		36234		3371
752		1588		36234		3371
753		1588		36234		3371
754		1588		36234		3371
755		1588		36234		3371
756		1588		36234		3371
757		1588		36234		3371
758		1588		36234		3371
759		1588		36234		3371
760		1588		36234		3371
761		1588		36234		3371
762		1588		36234		3371
763		1588		36234		3371
764		1588		36234		3371
765		1588		36234		3371
766		1588		36234		3371
767		1588		36234		3371
768		1588		36234		3371
769		1588		36234		3371
770		1588		36234		3371
771		1588		36234		3371
772		1588		36234		3371
773		1588		36234		3371
774		1588		36234		3371
775		1588		36234		3371
776		1588		36234		3371
777		1588		36234		3371
778		1588		36234		3371
779		1588		36234		3371
780		1588		36234		3371
781		1588		36234		3371
782		1588		36234		3371
783		1588		36234		3371
784		1588		36234		3371
785		1588		36234		3371
786		1588		36234		3371
787		1588		36234		3371
788		1588		36234		3371
789		1588		36234		3371
790		1588		36234		3371
791		1588		36234		3371
792		1588		36234		3371
793		1588		36234		3371
794		1588		36234		3371
795		1588		36234		3371
796		1588		36234		3371
797		1588		36234		3371
798		1588		36234		3371
799		1588		36234		3371
800		1588		36234		3371
801		1588		36234		3371
802		1588		36234		3371
803		1588		36234		3371
804		1588		36234		3371
805		1588		36234		3371
806		1588		36234		3371
807		1588		36234		3371
808		1588		36234		3371
809		1588		36234		3371
810		1588		36234		3371
811		1588		36234		3371
812		1588		36234		3371
813		1588		36234		3371
814		1588		36234		3371
815		1588		36234		3371
816		1588		36234		3371
817		1588		36234		3371
818		1588		36234		3371
819		1588		36234		3371
820		1588		36234		3371
821		1588		36234		3371
822		1588		36234		3371
823		1588		36234		3371
824		1588		36234		3371
825		1588		36234		3371
826		1588		36234		3371
827		1588		36234		3371
828		1588		36234		3371
829		1588		36234		3371
830		1588		36234		3371
831		1588		36234		3371
832		1588		36234		3371
833		1588		36234		3371
834		1588		36234		3371
835		1588		36234		3371
836		1588		36234		3371
837		1588		36234		3371
838		1588		36234		3371
839		1588		36234		3371
840		1588		36234		3371
841		1588		36234		3371
842		1588		36234		3371
843		1588		36234		3371
844		1588		36234		3371
845		1588		36234		3371
846		1588		36234		3371
847		1588		36234		3371
848		1588		36234		3371
849		1588		36234		3371
850		1588		36234		3371
851		1588		36234		3371
852		1588		36234		3371
853		1588		36234		3371
854		1588		36234		3371
855		1588		36234		3371
856		1588		36234		3371
857		1588		36234		3371
858		1588		36234		3371
859		1588		36234		3371
860		1588		36234		3371
861		1588		36234		3371
862		1588		36234		3371
863		1588		36234		3371
864		1588		36234		3371
865		1588		36234		3371
866		1588		36234		3371
867		1588		36234		3371
868		1588		36234		3371
869		1588		36234		3371
870		1588		36234		3371
871		1588		36234		3371
872		1588		36234		3371
873		1588		36234		3371
874		1588		36234		3371
875		1588		36234		3371
876		1588		36234		3371
877		1588		36234		3371
878		1588		36234		3371
879		1588		36234		3371
880		1588		36234		3371
881		1588		36234		3371
882		1588		36234		3371
883		1588		36234		3371
884		1588		36234		3371
885		1588		36234		3371
886		1588		36234		3371
887		1588		36234		3371
888		1588		36234		3371
889		1588		36234		3371
890		1588		36234		3371
891		1588		36234		3371
892		1588		36234		3371
893		1588		36234		3371
894		1588		36234		3371
895		1588		36234		3371
896		1588		36234		3371
897		1588		36234		3371
898		1588		36234		3371
899		1588		36234		3371
900		1588		36234		3371
901		1588		36234		3371
902		1588		36234		3371
903		1588		36234		3371
904		1588		36234		3371
905		1588		36234		3371
906		1588		36234		3371
907		1588		36234		3371
908		1588		36234		3371
909		1588		36234		3371
910		1588		36234		3371
911		1588		36234		3371
912		1588		36234		3371
913		1588		36234		3371
914		1588		36234		3371
915		1588		36234		3371
916		1588		36234		3371
917		1588		36234		3371
918		1588		36234		3371
919		1588		36234		3371
920		1588		36234		3371
921		1588		36234		3371
922		1588		36234		3371
923		1588		36234		3371
924		1588		36234		3371
925		1588		36234		3371
926		1588		36234		3371
927		1588		36234		3371
928		1588		36234		3371
929		1588		36234		3371
930		1588		36234		3371
931		1588		36234		3371
932		1588		36234		3371
933		1588		36234		3371
934		1588		36234		3371
935		1588		36234		3371
936		1588		36234		3371
937		1588		36234		3371
938		1588		36234		3371
939		1588		36234		3371
940		1588		36234		3371
941		1588		36234		3371
942		1588		36234		3371
943		1588		36234		3371
944		1588		36234		3371
945		1588		36234		3371
946		1588		36234		3371
947		1588		36234		3371
948		1588		36234		3371
949		1588		36234		3371
950		1588		36234		3371
951		1588		36234		3371
952		1588		36234		3371
953		1588		36234		3371
954		1588		36234		3371
955		1588		36234		3371
956		1588		36234		3371
957		1588		36234		3371
958		1588		36234		3371
959		1588		36234		3371
960		1588		36234		3371
961		1588		36234		3371
962		1588		36234		3371
963		1588		36234		3371
964		1588		36234		3371
965		1588		36234		3371
966		1588		36234		3371
967		1588		36234		3371
968		1588		36234		3371
969		1588		36234		3371
970		1588		36234		3371
971		1588		36234		3371
972		1588		36234		3371
973		1588		36234		3371
974		1588		36234		3371
975		1588		36234		3371
976		1588		36234		3371
977		1588		36234		3371
978		1588		36234		3371
979		1588		36234		3371
980		1588		36234		3371
981		1588		36234		3371
982		1588		36234		3371
983		1588		36234		3371
984		1588		36234		3371
985		1588		36234		3371
986		1588		36234		3371
987		1588		36234		3371
988		1588		36234		3371
989		1588		36234		3371
990		1588		36234		3371
991		1588		36234		3371
992		1588		36234		3371
993		1588		36234		3371
994		1588		36234		3371
995		1588		36234		3371
996		1588		36234		3371
997		1588		36234		3371
998		1588		36234		3371
999		1588		36234		3371
