# Migration is number of nodes that have changed color.

Round		Edge-Cut		Swaps		Migrations		Skipped
0		6427		4450		2631
1		5299		8603		2895
2		4701		12710		2996
3		4371		16723		3059
4		4074		20703		3090
5		3914		24664		3092
6		3756		28645		3107
7		3638		32576		3111
8		3530		36505		3129
9		3422		40442		3128
10		3310		44336		3126
11		3235		48228		3136
12		3175		52170		3149
13		3092		56059		3155
14		3045		59952		3168
15		3012		63842		3177
16		2999		67810		3174
17		2940		71768		3178
18		2902		75622		3185
19		2872		79530		3188
20		2821		83470		3195
21		2797		87388		3195
22		2767		91310		3219
23		2740		95200		3228
24		2693		99101		3227
25		2674		103047		3231
26		2651		106938		3231
27		2632		110830		3233
28		2605		114753		3242
29		2586		118631		3251
30		2569		122557		3244
31		2545		126468		3250
32		2531		130344		3253
33		2506		134283		3257
34		2471		138198		3247
35		2455		142124		3241
36		2441		146017		3254
37		2428		149893		3255
38		2401		153774		3248
39		2389		157712		3249
40		2365		161603		3249
41		2349		165471		3250
42		2326		169395		3256
43		2303		173289		3258
44		2288		177230		3257
45		2263		181136		3254
46		2247		184996		3262
47		2242		188891		3260
48		2214		192796		3258
49		2202		196632		3263
50		2188		200512		3257
51		2179		204432		3270
52		2164		208275		3269
53		2156		212185		3276
54		2153		216055		3279
55		2144		219970		3276
56		2138		223868		3276
57		2130		227767		3280
58		2122		231661		3278
59		2114		235541		3274
60		2110		239381		3265
61		2102		243255		3266
62		2093		247115		3268
63		2079		251026		3262
64		2070		254931		3263
65		2058		258822		3263
66		2045		262713		3264
67		2034		266609		3260
68		2027		270523		3260
69		2014		274380		3259
70		2008		278260		3261
71		2003		282188		3263
72		1986		286076		3264
73		1983		290012		3264
74		1981		293905		3262
75		1970		297841		3272
76		1968		301738		3269
77		1962		305600		3276
78		1959		309532		3280
79		1944		313443		3278
80		1938		317358		3274
81		1937		321217		3272
82		1928		325060		3271
83		1925		329017		3273
84		1923		332944		3268
85		1913		336819		3273
86		1903		340696		3267
87		1889		344588		3275
88		1887		348454		3283
89		1886		352324		3283
90		1881		356236		3279
91		1875		360143		3278
92		1870		364005		3278
93		1867		367933		3277
94		1863		371896		3281
95		1859		375759		3284
96		1849		379650		3283
97		1841		383502		3280
98		1834		387396		3282
99		1835		391302		3291
100		1830		395186		3293
101		1828		399079		3290
102		1819		402917		3284
103		1815		406737		3275
104		1810		410625		3273
105		1806		414567		3277
106		1800		418458		3281
107		1791		422361		3280
108		1780		426268		3278
109		1779		430133		3280
110		1779		434063		3281
111		1772		437974		3277
112		1769		441868		3276
113		1768		445700		3272
114		1761		449612		3272
115		1756		453541		3271
116		1755		457400		3275
117		1753		461292		3281
118		1751		465177		3284
119		1746		469069		3284
120		1744		472956		3281
121		1737		476847		3282
122		1730		480749		3286
123		1728		484603		3284
124		1717		488520		3286
125		1714		492411		3291
126		1714		496268		3295
127		1715		500117		3298
128		1711		503985		3300
129		1710		507821		3296
130		1706		511663		3296
131		1702		515552		3300
132		1701		519442		3304
133		1696		523364		3311
134		1693		527285		3310
135		1686		531194		3310
136		1682		535049		3311
137		1682		538952		3309
138		1679		542876		3311
139		1674		546771		3311
140		1673		550675		3312
141		1670		554601		3315
142		1665		558452		3318
143		1663		562354		3321
144		1661		566255		3321
145		1661		570141		3320
146		1661		574038		3321
147		1658		577941		3317
148		1656		581870		3320
149		1652		585718		3321
150		1652		589589		3321
151		1652		593478		3316
152		1651		597358		3311
153		1650		601282		3313
154		1649		605153		3313
155		1645		609025		3318
156		1645		612894		3318
157		1643		616775		3316
158		1643		620705		3318
159		1639		624615		3320
160		1636		628495		3323
161		1637		632357		3321
162		1632		636234		3323
163		1632		640125		3321
164		1633		643956		3322
165		1627		647807		3323
166		1621		651638		3320
167		1618		655511		3318
168		1618		659365		3317
169		1618		663256		3318
170		1617		667137		3319
171		1616		671017		3324
172		1616		674903		3324
173		1617		678806		3323
174		1618		682666		3326
175		1618		686540		3324
176		1613		690419		3320
177		1615		694280		3319
178		1615		698173		3319
179		1615		702054		3327
180		1613		705971		3329
181		1608		709858		3334
182		1604		713780		3337
183		1604		717646		3337
184		1602		721538		3333
185		1596		725458		3331
186		1592		729282		3333
187		1587		733139		3335
188		1584		737059		3330
189		1583		740872		3333
190		1579		744733		3330
191		1578		748675		3329
192		1575		752591		3329
193		1576		756450		3331
194		1576		760318		3332
195		1575		764197		3335
196		1572		768117		3333
197		1570		771935		3333
198		1569		775814		3332
199		1564		779704		3328
200		1565		783608		3330
201		1564		787523		3333
202		1562		791427		3334
203		1561		795326		3333
204		1560		799170		3330
205		1557		803055		3331
206		1557		806931		3334
207		1557		810776		3336
208		1556		814678		3339
209		1553		818504		3342
210		1551		822398		3340
211		1551		826223		3342
212		1549		830064		3340
213		1548		833966		3340
214		1545		837832		3335
215		1546		841758		3333
216		1545		845670		3331
217		1543		849568		3332
218		1542		853421		3333
219		1540		857291		3332
220		1539		861138		3336
221		1537		864959		3335
222		1534		868825		3335
223		1531		872677		3339
224		1526		876530		3335
225		1526		880407		3333
226		1524		884318		3333
227		1524		888181		3334
228		1524		892063		3335
229		1518		895971		3342
230		1520		899894		3343
231		1514		903733		3343
232		1512		907595		3340
233		1511		911482		3340
234		1509		915349		3341
235		1501		919218		3340
236		1499		923110		3342
237		1499		926973		3343
238		1500		930848		3345
239		1496		934746		3346
240		1497		938614		3346
241		1496		942507		3343
242		1496		946379		3346
243		1494		950263		3349
244		1494		954169		3349
245		1491		958020		3348
246		1488		961919		3349
247		1489		965797		3349
248		1488		969688		3353
249		1487		973573		3350
250		1485		977474		3355
251		1484		981332		3357
252		1481		985171		3354
253		1481		989063		3353
254		1482		992943		3353
255		1482		996813		3350
256		1481		1000704		3352
257		1478		1004549		3353
258		1478		1008445		3352
259		1477		1012275		3354
260		1476		1016149		3355
261		1475		1020041		3358
262		1475		1023945		3359
263		1466		1027885		3357
264		1462		1031782		3360
265		1462		1035652		3360
266		1462		1039507		3359
267		1462		1043388		3359
268		1459		1047274		3355
269		1456		1051147		3351
270		1455		1055004		3350
271		1456		1058933		3348
272		1456		1062822		3345
273		1452		1066704		3345
274		1450		1070582		3345
275		1447		1074449		3348
276		1446		1078352		3349
277		1445		1082264		3348
278		1445		1086132		3347
279		1445		1090039		3350
280		1442		1093889		3354
281		1440		1097735		3357
282		1438		1101645		3360
283		1438		1105535		3362
284		1438		1109399		3361
285		1439		1113278		3362
286		1437		1117188		3363
287		1437		1121087		3363
288		1437		1124982		3363
289		1433		1128869		3362
290		1432		1132703		3363
291		1433		1136619		3362
292		1433		1140522		3364
293		1434		1144420		3364
294		1432		1148343		3365
295		1427		1152207		3363
296		1424		1156111		3363
297		1422		1159896		3367
298		1422		1163760		3367
299		1422		1167664		3364
300		1422		1171562		3365
301		1422		1175445		3362
302		1417		1179297		3365
303		1417		1183174		3365
304		1415		1187047		3363
305		1415		1190933		3363
306		1411		1194779		3362
307		1406		1198698		3363
308		1406		1202551		3364
309		1406		1206407		3363
310		1401		1210278		3365
311		1400		1214183		3365
312		1398		1218052		3365
313		1398		1221973		3363
314		1397		1225870		3362
315		1397		1229724		3361
316		1397		1233640		3362
317		1396		1237478		3363
318		1396		1241345		3361
319		1397		1245240		3363
320		1395		1249113		3363
321		1386		1253003		3366
322		1384		1256878		3366
323		1384		1260756		3366
324		1384		1264641		3367
325		1384		1268517		3367
326		1383		1272430		3369
327		1381		1276281		3368
328		1379		1280157		3366
329		1378		1284016		3367
330		1374		1287916		3362
331		1374		1291790		3364
332		1374		1295659		3361
333		1373		1299541		3363
334		1372		1303403		3362
335		1368		1307284		3357
336		1368		1311189		3357
337		1366		1315071		3355
338		1367		1318953		3356
339		1367		1322846		3355
340		1366		1326694		3357
341		1366		1330538		3356
342		1366		1334453		3356
343		1363		1338385		3357
344		1364		1342242		3357
345		1363		1346144		3358
346		1363		1350028		3358
347		1360		1353912		3359
348		1358		1357767		3361
349		1357		1361663		3362
350		1358		1365510		3363
351		1358		1369397		3363
352		1358		1373267		3362
353		1355		1377178		3362
354		1354		1381053		3361
355		1352		1384876		3359
356		1352		1388777		3357
357		1352		1392634		3357
358		1352		1396518		3358
359		1352		1400352		3358
360		1352		1404268		3357
361		1352		1408097		3357
362		1352		1411983		3357
363		1352		1415853		3359
364		1350		1419683		3359
365		1350		1423576		3360
366		1350		1427498		3361
367		1350		1431361		3361
368		1347		1435214		3358
369		1347		1439165		3358
370		1346		1443073		3359
371		1346		1446964		3355
372		1346		1450825		3355
373		1349		1454756		3352
374		1349		1458631		3353
375		1350		1462479		3352
376		1349		1466343		3351
377		1349		1470233		3351
378		1346		1474138		3352
379		1346		1477957		3351
380		1346		1481844		3353
381		1346		1485745		3353
382		1347		1489564		3353
383		1347		1493453		3354
384		1347		1497325		3354
385		1344		1501133		3353
386		1344		1505010		3353
387		1344		1508855		3353
388		1344		1512780		3352
389		1345		1516667		3352
390		1345		1520553		3354
391		1345		1524470		3354
392		1345		1528390		3354
393		1345		1532235		3350
394		1345		1536192		3350
395		1345		1540111		3350
396		1345		1543947		3350
397		1345		1547809		3352
398		1345		1551694		3350
399		1345		1555549		3350
400		1346		1559454		3349
401		1343		1563311		3347
402		1343		1567181		3347
403		1343		1571064		3347
404		1341		1574986		3347
405		1337		1578848		3349
406		1337		1582703		3350
407		1337		1586619		3350
408		1338		1590513		3353
409		1338		1594374		3355
410		1338		1598195		3356
411		1338		1602110		3358
412		1335		1605970		3360
413		1332		1609870		3364
414		1332		1613750		3365
415		1332		1617615		3368
416		1333		1621499		3368
417		1333		1625385		3369
418		1332		1629204		3369
419		1330		1633052		3369
420		1330		1636929		3369
421		1328		1640853		3370
422		1327		1644745		3370
423		1327		1648606		3372
424		1327		1652493		3374
425		1327		1656334		3375
426		1327		1660208		3374
427		1328		1664079		3376
428		1321		1668030		3375
429		1322		1671914		3377
430		1322		1675798		3376
431		1322		1679687		3376
432		1322		1683534		3377
433		1323		1687447		3377
434		1319		1691393		3376
435		1318		1695245		3377
436		1319		1699148		3379
437		1320		1703043		3380
438		1319		1706930		3383
439		1319		1710801		3382
440		1316		1714694		3381
441		1315		1718587		3383
442		1311		1722474		3382
443		1309		1726323		3377
444		1309		1730238		3378
445		1309		1734113		3376
446		1308		1737995		3378
447		1307		1741897		3376
448		1306		1745768		3373
449		1304		1749702		3374
450		1303		1753554		3379
451		1302		1757440		3379
452		1298		1761320		3376
453		1295		1765172		3375
454		1295		1769033		3376
455		1295		1772886		3376
456		1293		1776763		3377
457		1294		1780643		3377
458		1294		1784518		3378
459		1294		1788354		3380
460		1294		1792230		3379
461		1294		1796149		3380
462		1294		1800030		3380
463		1292		1803925		3379
464		1292		1807780		3380
465		1292		1811666		3379
466		1292		1815530		3380
467		1292		1819357		3379
468		1290		1823263		3378
469		1290		1827177		3376
470		1288		1831048		3377
471		1287		1834948		3381
472		1287		1838841		3383
473		1285		1842720		3381
474		1286		1846593		3378
475		1285		1850470		3382
476		1285		1854337		3381
477		1284		1858217		3383
478		1284		1862081		3383
479		1284		1866011		3383
480		1284		1869924		3383
481		1284		1873812		3383
482		1283		1877686		3381
483		1283		1881566		3382
484		1282		1885479		3383
485		1282		1889369		3384
486		1282		1893293		3385
487		1282		1897211		3385
488		1282		1901117		3387
489		1281		1905030		3386
490		1281		1908871		3386
491		1281		1912726		3387
492		1281		1916599		3388
493		1280		1920492		3388
494		1280		1924386		3388
495		1280		1928278		3388
496		1280		1932142		3388
497		1280		1936042		3388
498		1279		1939852		3388
499		1277		1943745		3385
500		1277		1947609		3384
501		1276		1951492		3383
502		1276		1955366		3385
503		1276		1959192		3383
504		1276		1963037		3383
505		1276		1966927		3383
506		1276		1970816		3385
507		1274		1974752		3382
508		1274		1978606		3382
509		1274		1982456		3380
510		1274		1986303		3381
511		1274		1990140		3379
512		1273		1994024		3380
513		1273		1997864		3382
514		1273		2001777		3384
515		1266		2005619		3385
516		1266		2009553		3385
517		1267		2013393		3386
518		1268		2017283		3384
519		1268		2021181		3384
520		1266		2025042		3380
521		1264		2028907		3381
522		1264		2032771		3382
523		1264		2036655		3383
524		1264		2040532		3382
525		1264		2044437		3381
526		1264		2048392		3382
527		1264		2052276		3382
528		1263		2056169		3384
529		1261		2060049		3386
530		1261		2063948		3388
531		1260		2067796		3387
532		1260		2071660		3387
533		1259		2075519		3385
534		1259		2079402		3381
535		1257		2083312		3381
536		1253		2087166		3380
537		1253		2091046		3380
538		1253		2094917		3380
539		1253		2098809		3378
540		1255		2102661		3379
541		1255		2106557		3378
542		1252		2110458		3380
543		1252		2114335		3381
544		1252		2118229		3381
545		1253		2122087		3384
546		1251		2125958		3385
547		1249		2129880		3380
548		1249		2133764		3382
549		1250		2137661		3382
550		1250		2141534		3380
551		1251		2145419		3382
552		1250		2149299		3386
553		1250		2153195		3388
554		1250		2157086		3388
555		1250		2160955		3388
556		1249		2164886		3388
557		1247		2168739		3387
558		1247		2172592		3386
559		1244		2176484		3388
560		1243		2180389		3389
561		1243		2184257		3390
562		1242		2188176		3387
563		1240		2192010		3386
564		1240		2195889		3385
565		1237		2199719		3388
566		1237		2203582		3388
567		1237		2207475		3388
568		1237		2211370		3386
569		1234		2215234		3386
570		1233		2219120		3385
571		1233		2222979		3384
572		1235		2226865		3384
573		1232		2230770		3383
574		1230		2234649		3383
575		1230		2238541		3384
576		1230		2242421		3384
577		1230		2246306		3385
578		1228		2250226		3386
579		1227		2254084		3387
580		1227		2257936		3387
581		1227		2261804		3386
582		1227		2265672		3386
583		1227		2269588		3385
584		1226		2273527		3388
585		1226		2277393		3389
586		1226		2281287		3388
587		1229		2285175		3387
588		1226		2289071		3387
589		1226		2292979		3386
590		1224		2296880		3385
591		1222		2300725		3385
592		1220		2304620		3386
593		1219		2308497		3388
594		1221		2312387		3391
595		1221		2316264		3391
596		1222		2320158		3391
597		1222		2324024		3392
598		1221		2327934		3393
599		1220		2331799		3392
600		1217		2335663		3389
601		1217		2339558		3389
602		1217		2343434		3389
603		1217		2347291		3390
604		1217		2351169		3388
605		1217		2355050		3387
606		1217		2358912		3387
607		1217		2362770		3382
608		1219		2366656		3383
609		1221		2370511		3384
610		1221		2374382		3384
611		1222		2378255		3383
612		1221		2382186		3385
613		1217		2386042		3383
614		1218		2389900		3384
615		1216		2393781		3388
616		1211		2397646		3388
617		1211		2401524		3386
618		1211		2405412		3386
619		1209		2409334		3385
620		1205		2413218		3384
621		1205		2417144		3384
622		1205		2420981		3385
623		1201		2424822		3383
624		1201		2428675		3382
625		1202		2432510		3384
626		1202		2436412		3384
627		1200		2440274		3382
628		1197		2444146		3383
629		1197		2448034		3382
630		1197		2451902		3381
631		1197		2455779		3382
632		1197		2459654		3383
633		1197		2463486		3383
634		1197		2467362		3382
635		1195		2471248		3381
636		1189		2475147		3381
637		1189		2479068		3381
638		1188		2482940		3383
639		1188		2486804		3384
640		1187		2490692		3384
641		1187		2494545		3385
642		1187		2498452		3385
643		1187		2502323		3386
644		1187		2506216		3387
645		1187		2510079		3387
646		1187		2513994		3387
647		1187		2517912		3386
648		1188		2521789		3388
649		1188		2525659		3389
650		1189		2529534		3386
651		1189		2533466		3385
652		1189		2537390		3386
653		1189		2541318		3385
654		1189		2545210		3385
655		1189		2549112		3385
656		1189		2553014		3384
657		1189		2556907		3384
658		1186		2560821		3385
659		1186		2564660		3385
660		1186		2568542		3388
661		1183		2572382		3388
662		1183		2576319		3386
663		1183		2580159		3385
664		1183		2584003		3386
665		1184		2587897		3383
666		1183		2591728		3384
667		1183		2595612		3384
668		1182		2599511		3386
669		1182		2603364		3384
670		1182		2607234		3384
671		1182		2611124		3384
672		1182		2615012		3384
673		1182		2618890		3384
674		1183		2622772		3383
675		1183		2626625		3383
676		1181		2630530		3384
677		1181		2634373		3384
678		1181		2638270		3384
679		1181		2642150		3382
680		1181		2646042		3381
681		1177		2649958		3382
682		1176		2653841		3381
683		1177		2657730		3382
684		1176		2661600		3383
685		1176		2665472		3384
686		1176		2669374		3382
687		1174		2673268		3384
688		1171		2677130		3385
689		1173		2681024		3384
690		1173		2684955		3386
691		1173		2688880		3386
692		1173		2692732		3386
693		1171		2696655		3386
694		1171		2700518		3387
695		1171		2704426		3385
696		1171		2708323		3385
697		1171		2712183		3385
698		1172		2716100		3386
699		1172		2719972		3387
700		1172		2723908		3385
701		1172		2727775		3385
702		1171		2731616		3383
703		1171		2735475		3383
704		1171		2739397		3382
705		1171		2743328		3387
706		1169		2747235		3385
707		1170		2751116		3385
708		1170		2754993		3385
709		1170		2758863		3381
710		1170		2762739		3381
711		1170		2766586		3385
712		1168		2770484		3385
713		1166		2774331		3386
714		1170		2778195		3387
715		1170		2782099		3387
716		1168		2786010		3385
717		1167		2789891		3385
718		1167		2793837		3386
719		1167		2797779		3386
720		1168		2801667		3384
721		1168		2805508		3383
722		1168		2809352		3383
723		1168		2813217		3384
724		1168		2817158		3383
725		1168		2821054		3384
726		1168		2824947		3384
727		1168		2828839		3381
728		1166		2832742		3382
729		1166		2836605		3381
730		1166		2840488		3383
731		1166		2844371		3382
732		1163		2848270		3383
733		1164		2852124		3383
734		1164		2855991		3383
735		1164		2859887		3383
736		1160		2863748		3384
737		1157		2867626		3385
738		1157		2871553		3385
739		1152		2875418		3386
740		1151		2879292		3387
741		1151		2883200		3389
742		1152		2887075		3389
743		1153		2890948		3388
744		1148		2894827		3387
745		1146		2898725		3388
746		1146		2902622		3392
747		1146		2906468		3392
748		1146		2910410		3393
749		1149		2914314		3394
750		1149		2918228		3394
751		1148		2922110		3391
752		1147		2925990		3390
753		1144		2929841		3392
754		1144		2933751		3391
755		1141		2937689		3389
756		1141		2941528		3389
757		1142		2945438		3389
758		1142		2949277		3389
759		1141		2953115		3388
760		1141		2957001		3389
761		1142		2960896		3390
762		1141		2964793		3392
763		1139		2968645		3395
764		1138		2972489		3392
765		1138		2976366		3392
766		1140		2980262		3391
767		1137		2984102		3392
768		1137		2987945		3394
769		1136		2991831		3390
770		1136		2995702		3390
771		1132		2999537		3391
772		1131		3003449		3392
773		1129		3007329		3392
774		1130		3011182		3390
775		1130		3015099		3390
776		1129		3018972		3391
777		1126		3022835		3391
778		1119		3026683		3391
779		1119		3030589		3391
780		1117		3034487		3389
781		1115		3038338		3388
782		1115		3042257		3388
783		1115		3046136		3389
784		1116		3050035		3387
785		1115		3053924		3388
786		1114		3057824		3385
787		1112		3061727		3386
788		1112		3065617		3386
789		1111		3069488		3385
790		1111		3073327		3385
791		1111		3077183		3386
792		1111		3081060		3386
793		1111		3084944		3388
794		1111		3088845		3388
795		1110		3092734		3387
796		1113		3096611		3385
797		1114		3100481		3386
798		1111		3104388		3386
799		1109		3108283		3389
800		1109		3112113		3388
801		1109		3115979		3388
802		1106		3119899		3385
803		1106		3123770		3385
804		1106		3127609		3385
805		1106		3131507		3386
806		1106		3135369		3385
807		1106		3139253		3387
808		1106		3143166		3387
809		1106		3147087		3385
810		1106		3150964		3387
811		1106		3154853		3388
812		1104		3158776		3388
813		1104		3162642		3388
814		1104		3166509		3387
815		1104		3170351		3389
816		1104		3174170		3389
817		1105		3178095		3386
818		1105		3181965		3388
819		1105		3185879		3388
820		1105		3189741		3390
821		1102		3193627		3391
822		1102		3197525		3391
823		1101		3201417		3392
824		1099		3205271		3389
825		1099		3209126		3387
826		1100		3213031		3385
827		1098		3216926		3386
828		1098		3220795		3388
829		1095		3224699		3389
830		1095		3228617		3387
831		1095		3232518		3388
832		1097		3236372		3387
833		1099		3240207		3385
834		1100		3244104		3382
835		1100		3247969		3383
836		1100		3251824		3382
837		1095		3255699		3385
838		1095		3259607		3383
839		1094		3263522		3384
840		1094		3267377		3383
841		1091		3271242		3385
842		1088		3275119		3385
843		1088		3279026		3385
844		1087		3282934		3384
845		1087		3286838		3385
846		1087		3290693		3384
847		1087		3294520		3384
848		1087		3298422		3384
849		1087		3302335		3383
850		1087		3306243		3385
851		1086		3310147		3383
852		1086		3314017		3382
853		1086		3317898		3385
854		1086		3321784		3385
855		1086		3325654		3383
856		1086		3329570		3385
857		1086		3333459		3385
858		1086		3337407		3384
859		1086		3341256		3383
860		1086		3345132		3383
861		1086		3349014		3385
862		1085		3352868		3384
863		1084		3356733		3386
864		1084		3360615		3387
865		1084		3364488		3388
866		1084		3368396		3388
867		1085		3372328		3389
868		1081		3376236		3389
869		1081		3380117		3390
870		1077		3383989		3388
871		1074		3387864		3390
872		1075		3391757		3391
873		1075		3395640		3390
874		1075		3399471		3390
875		1075		3403343		3390
876		1075		3407214		3390
877		1073		3411067		3390
878		1067		3414957		3392
879		1067		3418816		3392
880		1061		3422705		3391
881		1061		3426542		3389
882		1061		3430413		3389
883		1061		3434270		3390
884		1061		3438121		3387
885		1061		3442030		3389
886		1059		3445930		3387
887		1059		3449779		3387
888		1060		3453675		3387
889		1060		3457539		3387
890		1058		3461369		3386
891		1058		3465236		3386
892		1058		3469129		3386
893		1059		3473019		3387
894		1059		3476907		3387
895		1059		3480788		3389
896		1059		3484624		3390
897		1059		3488471		3388
898		1060		3492350		3393
899		1059		3496224		3393
900		1058		3500117		3396
901		1058		3504002		3398
902		1058		3507863		3398
903		1057		3511754		3398
904		1054		3515668		3396
905		1054		3519554		3397
906		1053		3523431		3399
907		1055		3527349		3399
908		1052		3531238		3399
909		1052		3535144		3398
910		1052		3539036		3398
911		1052		3542889		3398
912		1052		3546813		3396
913		1054		3550705		3397
914		1054		3554585		3397
915		1054		3558452		3397
916		1054		3562298		3397
917		1054		3566146		3398
918		1054		3570025		3398
919		1053		3573906		3397
920		1055		3577755		3400
921		1055		3581679		3400
922		1055		3585534		3399
923		1052		3589395		3396
924		1049		3593264		3397
925		1049		3597081		3397
926		1050		3600972		3397
927		1050		3604848		3397
928		1049		3608727		3397
929		1048		3612601		3395
930		1048		3616481		3397
931		1048		3620344		3397
932		1045		3624218		3397
933		1045		3628128		3398
934		1045		3631994		3398
935		1045		3635860		3398
936		1041		3639733		3400
937		1041		3643601		3400
938		1041		3647502		3401
939		1038		3651386		3401
940		1039		3655256		3402
941		1039		3659163		3402
942		1042		3663045		3401
943		1040		3666928		3402
944		1040		3670853		3404
945		1040		3674710		3406
946		1037		3678590		3405
947		1038		3682474		3404
948		1035		3686383		3404
949		1033		3690258		3404
950		1033		3694116		3403
951		1033		3697944		3403
952		1033		3701820		3402
953		1033		3705687		3402
954		1033		3709607		3401
955		1033		3713493		3401
956		1033		3717348		3401
957		1033		3721220		3401
958		1032		3725097		3405
959		1032		3728973		3406
960		1032		3732856		3404
961		1032		3736691		3403
962		1029		3740551		3404
963		1029		3744431		3404
964		1029		3748266		3402
965		1029		3752138		3404
966		1029		3756011		3404
967		1029		3759835		3406
968		1029		3763673		3405
969		1029		3767543		3405
970		1029		3771429		3405
971		1029		3775280		3405
972		1029		3779189		3403
973		1029		3783049		3403
974		1029		3786875		3405
975		1030		3790761		3406
976		1032		3794553		3407
977		1032		3798424		3406
978		1032		3802321		3406
979		1032		3806183		3406
980		1032		3810111		3406
981		1032		3814006		3405
982		1032		3817920		3404
983		1032		3821787		3403
984		1032		3825674		3403
985		1029		3829543		3403
986		1029		3833446		3403
987		1029		3837299		3402
988		1028		3841199		3400
989		1028		3845076		3400
990		1028		3848962		3400
991		1026		3852847		3399
992		1025		3856713		3398
993		1025		3860568		3398
994		1025		3864419		3397
995		1025		3868301		3397
996		1025		3872184		3397
997		1025		3876036		3397
998		1025		3879915		3399
999		1025		3883823		3399
1000		1025		3887680		3398
1001		1026		3891551		3401
1002		1027		3895401		3404
1003		1027		3899300		3404
1004		1023		3903232		3403
1005		1023		3907154		3404
1006		1021		3911037		3403
1007		1022		3914909		3403
1008		1022		3918810		3402
1009		1022		3922671		3401
1010		1022		3926550		3401
1011		1022		3930429		3401
1012		1019		3934330		3400
1013		1018		3938257		3400
1014		1018		3942123		3400
1015		1018		3946012		3400
1016		1017		3949923		3399
1017		1015		3953780		3400
1018		1015		3957652		3403
1019		1014		3961500		3401
1020		1014		3965372		3403
1021		1014		3969263		3404
1022		1014		3973133		3404
1023		1014		3977015		3404
1024		1014		3980911		3404
1025		1014		3984784		3404
1026		1014		3988645		3405
1027		1014		3992483		3405
1028		1014		3996337		3405
1029		1014		4000205		3404
1030		1014		4004066		3404
1031		1014		4007981		3404
1032		1014		4011847		3404
1033		1014		4015726		3405
1034		1014		4019642		3405
1035		1014		4023518		3405
1036		1014		4027386		3406
1037		1015		4031317		3406
1038		1015		4035189		3406
1039		1016		4039071		3406
1040		1015		4042986		3406
1041		1015		4046895		3406
1042		1019		4050814		3409
1043		1018		4054694		3408
1044		1016		4058600		3411
1045		1014		4062454		3412
1046		1014		4066346		3412
1047		1014		4070208		3413
1048		1011		4074098		3413
1049		1012		4077982		3410
1050		1012		4081813		3410
1051		1012		4085723		3410
1052		1011		4089582		3408
1053		1012		4093441		3408
1054		1012		4097307		3408
1055		1012		4101180		3406
1056		1012		4105038		3406
1057		1013		4108898		3405
1058		1013		4112773		3405
1059		1012		4116647		3405
1060		1012		4120518		3404
1061		1011		4124386		3401
1062		1011		4128310		3402
1063		1011		4132166		3400
1064		1011		4136012		3399
1065		1011		4139899		3401
1066		1011		4143806		3401
1067		1011		4147671		3400
1068		1011		4151557		3400
1069		1011		4155412		3401
1070		1010		4159272		3400
1071		1008		4163172		3399
1072		1008		4167068		3398
1073		1008		4170944		3396
1074		1007		4174805		3398
1075		1007		4178652		3399
1076		1007		4182546		3398
1077		1006		4186442		3399
1078		1008		4190293		3399
1079		1008		4194190		3399
1080		1009		4198069		3399
1081		1009		4201951		3397
1082		1009		4205802		3397
1083		1009		4209631		3396
1084		1009		4213500		3397
1085		1009		4217391		3398
1086		1009		4221294		3398
1087		1009		4225154		3400
1088		1005		4229011		3400
1089		1005		4232901		3400
1090		1006		4236787		3401
1091		1007		4240646		3402
1092		1005		4244557		3400
1093		1005		4248510		3401
1094		1003		4252366		3399
1095		1003		4256223		3399
1096		1003		4260105		3399
1097		1003		4263999		3399
1098		1004		4267914		3402
1099		1004		4271836		3401
1100		1002		4275721		3404
1101		1001		4279593		3404
1102		1000		4283466		3405
1103		1000		4287326		3405
1104		1000		4291218		3405
1105		1000		4295071		3408
1106		999		4298963		3408
1107		997		4302866		3407
1108		997		4306772		3407
1109		997		4310650		3407
1110		997		4314535		3405
1111		995		4318380		3406
1112		995		4322221		3405
1113		995		4326129		3405
1114		995		4329988		3405
1115		993		4333864		3404
1116		993		4337796		3406
1117		992		4341707		3403
1118		993		4345617		3404
1119		993		4349472		3403
1120		993		4353321		3403
1121		991		4357240		3404
1122		991		4361146		3404
1123		991		4364996		3404
1124		989		4368924		3404
1125		989		4372808		3404
1126		989		4376656		3404
1127		989		4380521		3404
1128		988		4384382		3403
1129		988		4388262		3402
1130		988		4392127		3402
1131		987		4396017		3401
1132		987		4399887		3401
1133		987		4403790		3401
1134		987		4407654		3401
1135		987		4411521		3401
1136		989		4415377		3399
1137		989		4419246		3398
1138		989		4423165		3397
1139		989		4427074		3398
1140		989		4430975		3398
1141		989		4434803		3398
1142		987		4438695		3394
1143		987		4442603		3394
1144		985		4446491		3392
1145		983		4450377		3394
1146		983		4454225		3394
1147		983		4458113		3397
1148		984		4461990		3397
1149		982		4465856		3398
1150		982		4469771		3398
1151		982		4473654		3399
1152		982		4477561		3400
1153		982		4481459		3398
1154		982		4485325		3396
1155		982		4489244		3396
1156		982		4493118		3399
1157		982		4496987		3400
1158		980		4500812		3397
1159		980		4504668		3397
1160		982		4508537		3396
1161		980		4512379		3395
1162		980		4516302		3395
1163		981		4520143		3394
1164		981		4524041		3394
1165		981		4527929		3394
1166		981		4531778		3394
1167		981		4535645		3394
1168		981		4539524		3395
1169		981		4543403		3395
1170		981		4547332		3395
1171		981		4551217		3394
1172		981		4555095		3393
1173		978		4558978		3394
1174		978		4562786		3395
1175		978		4566716		3396
1176		978		4570627		3396
1177		978		4574511		3396
1178		978		4578358		3395
1179		974		4582253		3398
1180		972		4586056		3398
1181		973		4589928		3397
1182		973		4593849		3397
1183		973		4597693		3394
1184		973		4601562		3395
1185		973		4605432		3396
1186		973		4609307		3396
1187		973		4613236		3396
1188		973		4617113		3396
1189		973		4621030		3395
1190		973		4624884		3396
1191		973		4628828		3396
1192		973		4632685		3396
1193		973		4636595		3397
1194		973		4640479		3396
1195		973		4644367		3396
1196		973		4648204		3396
1197		973		4652121		3395
1198		974		4656037		3393
1199		974		4659895		3393
1200		974		4663737		3394
1201		974		4667626		3394
1202		973		4671477		3394
1203		973		4675386		3395
1204		973		4679277		3395
1205		973		4683139		3395
1206		973		4687031		3394
1207		971		4690952		3395
1208		972		4694846		3393
1209		972		4698718		3394
1210		972		4702595		3394
1211		972		4706455		3393
1212		972		4710312		3393
1213		971		4714138		3391
1214		971		4718032		3392
1215		971		4721876		3390
1216		970		4725779		3391
1217		970		4729618		3391
1218		969		4733527		3388
1219		968		4737413		3387
1220		968		4741299		3387
1221		968		4745231		3385
1222		968		4749080		3385
1223		964		4753008		3387
1224		964		4756907		3386
1225		964		4760802		3386
1226		964		4764714		3388
1227		962		4768572		3390
1228		962		4772479		3390
1229		962		4776420		3390
1230		962		4780271		3390
1231		962		4784131		3391
1232		962		4787974		3392
1233		964		4791812		3390
1234		964		4795687		3391
1235		964		4799549		3392
1236		962		4803427		3393
1237		962		4807302		3394
1238		962		4811194		3394
1239		962		4815045		3395
1240		962		4818941		3392
1241		962		4822846		3394
1242		962		4826698		3394
1243		962		4830581		3395
1244		962		4834429		3395
1245		962		4838332		3396
1246		962		4842236		3396
1247		962		4846099		3397
1248		962		4849968		3392
1249		962		4853893		3392
1250		962		4857732		3392
1251		962		4861611		3392
1252		962		4865563		3392
1253		962		4869424		3392
1254		962		4873269		3393
1255		962		4877130		3393
1256		962		4881046		3392
1257		962		4884890		3394
1258		962		4888758		3391
1259		962		4892654		3391
1260		962		4896523		3391
1261		962		4900411		3390
1262		962		4904296		3390
1263		962		4908201		3391
1264		962		4912070		3390
1265		962		4915965		3389
1266		962		4919823		3390
1267		962		4923707		3389
1268		962		4927568		3388
1269		961		4931419		3390
1270		961		4935266		3390
1271		961		4939131		3391
1272		961		4943040		3391
1273		961		4946950		3391
1274		961		4950848		3391
1275		961		4954697		3391
1276		961		4958579		3391
1277		959		4962465		3390
1278		959		4966363		3390
1279		959		4970283		3389
1280		959		4974184		3391
1281		959		4978111		3394
1282		959		4981995		3394
1283		959		4985839		3394
1284		959		4989669		3394
1285		959		4993554		3392
1286		959		4997412		3392
1287		959		5001276		3392
1288		959		5005125		3392
1289		959		5009024		3392
1290		959		5012929		3392
1291		957		5016825		3393
1292		957		5020705		3393
1293		957		5024587		3393
1294		957		5028459		3393
1295		957		5032349		3393
1296		957		5036241		3393
1297		957		5040129		3392
1298		957		5044022		3391
1299		957		5047882		3391
1300		957		5051754		3390
1301		957		5055634		3390
1302		957		5059508		3389
1303		957		5063368		3390
1304		957		5067230		3390
1305		957		5071082		3390
1306		957		5074924		3391
1307		957		5078774		3390
1308		957		5082643		3390
1309		957		5086542		3391
1310		957		5090410		3391
1311		957		5094255		3391
1312		957		5098127		3391
1313		957		5102000		3392
1314		957		5105886		3392
1315		957		5109752		3392
1316		957		5113652		3390
1317		957		5117569		3390
1318		957		5121456		3390
1319		957		5125366		3391
1320		957		5129237		3391
1321		957		5133041		3390
1322		957		5136877		3391
1323		957		5140763		3394
1324		957		5144646		3394
1325		957		5148493		3395
1326		957		5152385		3397
1327		957		5156286		3397
1328		957		5160166		3397
1329		957		5164037		3397
1330		957		5167892		3397
1331		957		5171788		3396
1332		956		5175691		3396
1333		956		5179555		3396
1334		956		5183462		3396
1335		956		5187344		3396
1336		956		5191235		3396
1337		956		5195123		3396
1338		956		5199008		3395
1339		956		5202911		3395
1340		956		5206759		3394
1341		956		5210657		3395
1342		956		5214519		3394
1343		956		5218371		3396
1344		955		5222283		3397
1345		955		5226138		3397
1346		955		5230029		3397
1347		955		5233900		3397
1348		955		5237767		3397
1349		957		5241621		3398
1350		958		5245508		3398
1351		956		5249404		3399
1352		956		5253223		3400
1353		956		5257128		3400
1354		956		5260926		3399
1355		957		5264798		3400
1356		957		5268669		3398
1357		957		5272584		3396
1358		957		5276454		3396
1359		957		5280335		3396
1360		957		5284246		3396
1361		957		5288088		3396
1362		957		5292015		3395
1363		958		5295901		3395
1364		958		5299822		3395
1365		958		5303720		3395
1366		957		5307615		3393
1367		957		5311515		3393
1368		957		5315383		3393
1369		957		5319281		3391
1370		957		5323145		3390
1371		957		5327044		3390
1372		957		5330924		3389
1373		957		5334787		3388
1374		957		5338671		3388
1375		957		5342575		3388
1376		957		5346451		3388
1377		957		5350392		3387
1378		957		5354263		3387
1379		957		5358126		3387
1380		957		5362021		3387
1381		957		5365890		3387
1382		957		5369749		3388
1383		957		5373683		3388
1384		957		5377561		3387
1385		957		5381479		3387
1386		957		5385322		3387
1387		957		5389177		3388
1388		957		5393040		3388
1389		957		5396881		3388
1390		957		5400777		3388
1391		957		5404630		3389
1392		957		5408477		3391
1393		955		5412326		3391
1394		955		5416179		3390
1395		957		5420027		3390
1396		955		5423927		3389
1397		955		5427782		3390
1398		955		5431703		3390
1399		954		5435531		3389
1400		954		5439383		3389
1401		954		5443274		3389
1402		954		5447142		3390
1403		954		5451048		3390
1404		954		5454857		3390
1405		954		5458762		3389
1406		954		5462655		3389
1407		954		5466531		3389
1408		954		5470472		3387
1409		954		5474313		3387
1410		954		5478202		3390
1411		954		5482073		3390
1412		954		5486011		3391
1413		954		5489897		3391
1414		954		5493792		3389
1415		954		5497670		3389
1416		954		5501538		3389
1417		954		5505431		3390
1418		954		5509322		3390
1419		954		5513231		3390
1420		954		5517060		3391
1421		955		5520907		3391
1422		957		5524810		3389
1423		957		5528675		3390
1424		956		5532556		3391
1425		956		5536481		3391
1426		956		5540412		3391
1427		956		5544254		3392
1428		956		5548116		3393
1429		956		5551991		3393
1430		956		5555854		3391
1431		956		5559722		3393
1432		956		5563584		3393
1433		956		5567469		3395
1434		956		5571344		3395
1435		956		5575228		3394
1436		956		5579115		3394
1437		956		5583007		3394
1438		955		5586921		3395
1439		955		5590824		3395
1440		955		5594705		3395
1441		955		5598568		3395
1442		955		5602461		3395
1443		954		5606342		3393
1444		954		5610191		3393
1445		954		5614033		3394
1446		954		5617853		3394
1447		954		5621697		3393
1448		954		5625564		3392
1449		954		5629446		3392
1450		954		5633293		3392
1451		954		5637125		3393
1452		954		5640976		3391
1453		954		5644828		3392
1454		954		5648721		3391
1455		954		5652638		3391
1456		954		5656511		3391
1457		954		5660379		3391
1458		954		5664258		3391
1459		954		5668165		3389
1460		954		5672047		3389
1461		954		5675897		3389
1462		954		5679791		3387
1463		953		5683709		3387
1464		953		5687564		3387
1465		953		5691420		3388
1466		951		5695331		3389
1467		951		5699231		3389
1468		951		5703099		3388
1469		952		5706967		3389
1470		952		5710862		3389
1471		953		5714792		3388
1472		953		5718690		3389
1473		953		5722583		3390
1474		951		5726469		3389
1475		951		5730363		3389
1476		951		5734235		3389
1477		951		5738115		3389
1478		951		5742000		3391
1479		951		5745878		3392
1480		951		5749776		3394
1481		951		5753689		3395
1482		951		5757618		3396
1483		951		5761524		3396
1484		948		5765377		3392
1485		948		5769265		3392
1486		948		5773111		3391
1487		950		5777017		3389
1488		950		5780932		3388
1489		950		5784793		3388
1490		950		5788676		3389
1491		950		5792549		3391
1492		950		5796422		3390
1493		950		5800309		3392
1494		951		5804182		3392
1495		951		5808043		3392
1496		951		5811917		3392
1497		951		5815808		3392
1498		948		5819723		3393
1499		948		5823554		3393
1500		948		5827391		3390
1501		948		5831313		3390
1502		949		5835180		3390
1503		949		5839058		3390
1504		949		5842948		3390
1505		949		5846835		3390
1506		947		5850707		3389
1507		947		5854574		3389
1508		947		5858497		3389
1509		947		5862363		3388
1510		947		5866215		3387
1511		947		5870116		3387
1512		947		5874049		3389
1513		947		5877929		3389
1514		947		5881806		3389
1515		947		5885716		3392
1516		948		5889577		3389
1517		948		5893494		3389
1518		948		5897350		3389
1519		946		5901222		3388
1520		946		5905107		3390
1521		946		5908986		3390
1522		946		5912847		3390
1523		946		5916742		3390
1524		946		5920600		3391
1525		946		5924493		3393
1526		946		5928373		3393
1527		946		5932231		3393
1528		946		5936050		3393
1529		946		5939961		3394
1530		946		5943830		3393
1531		946		5947677		3393
1532		946		5951570		3393
1533		946		5955461		3393
1534		946		5959387		3394
1535		946		5963240		3394
1536		946		5967094		3394
1537		946		5970934		3394
1538		946		5974850		3394
1539		947		5978692		3393
1540		947		5982569		3392
1541		947		5986376		3393
1542		947		5990227		3395
1543		947		5994124		3396
1544		947		5997972		3395
1545		945		6001894		3398
1546		945		6005752		3400
1547		945		6009618		3400
1548		945		6013498		3398
1549		945		6017391		3398
1550		945		6021261		3398
1551		945		6025105		3397
1552		945		6028979		3398
1553		945		6032861		3397
1554		945		6036715		3398
1555		943		6040529		3399
1556		943		6044394		3399
1557		943		6048292		3398
1558		943		6052176		3398
1559		944		6056086		3401
1560		944		6059932		3401
1561		944		6063829		3402
1562		944		6067727		3403
1563		944		6071631		3403
1564		944		6075525		3405
1565		944		6079385		3405
1566		944		6083308		3404
1567		942		6087166		3406
1568		942		6091024		3405
1569		942		6094912		3405
1570		942		6098804		3405
1571		942		6102689		3405
1572		944		6106562		3405
1573		944		6110476		3405
1574		946		6114395		3406
1575		946		6118295		3406
1576		946		6122150		3406
1577		946		6126038		3406
1578		946		6129897		3404
1579		944		6133824		3404
1580		944		6137751		3404
1581		944		6141624		3402
1582		945		6145523		3402
1583		945		6149389		3402
1584		945		6153326		3402
1585		945		6157206		3402
1586		946		6161098		3405
1587		946		6165002		3406
1588		946		6168908		3407
1589		947		6172780		3408
1590		947		6176677		3408
1591		945		6180531		3406
1592		945		6184405		3406
1593		943		6188276		3407
1594		943		6192130		3404
1595		942		6196012		3408
1596		942		6199908		3408
1597		942		6203806		3408
1598		942		6207660		3406
1599		941		6211546		3403
1600		941		6215417		3403
1601		941		6219279		3401
1602		943		6223194		3402
1603		943		6227076		3400
1604		943		6230953		3400
1605		941		6234854		3398
1606		941		6238702		3399
1607		941		6242595		3399
1608		941		6246477		3399
1609		941		6250390		3398
1610		943		6254271		3398
1611		944		6258168		3398
1612		944		6262028		3398
1613		944		6265875		3397
1614		943		6269738		3402
1615		943		6273624		3402
1616		943		6277510		3401
1617		943		6281407		3401
1618		943		6285243		3401
1619		943		6289161		3401
1620		941		6293024		3401
1621		941		6296937		3401
1622		941		6300843		3398
1623		941		6304718		3398
1624		941		6308595		3398
1625		941		6312488		3401
1626		941		6316400		3401
1627		940		6320320		3402
1628		940		6324222		3403
1629		940		6328084		3402
1630		940		6331958		3402
1631		942		6335823		3401
1632		940		6339702		3400
1633		940		6343596		3400
1634		940		6347527		3400
1635		941		6351396		3399
1636		941		6355270		3399
1637		941		6359133		3399
1638		941		6362974		3400
1639		941		6366849		3400
1640		941		6370744		3398
1641		941		6374610		3398
1642		941		6378492		3398
1643		941		6382411		3400
1644		941		6386326		3401
1645		941		6390172		3402
1646		941		6394067		3402
1647		941		6397986		3402
1648		941		6401823		3401
1649		941		6405719		3402
1650		937		6409614		3397
1651		937		6413443		3397
1652		937		6417348		3396
1653		937		6421251		3396
1654		937		6425160		3396
1655		937		6429028		3397
1656		935		6432868		3396
1657		935		6436777		3396
1658		935		6440682		3396
1659		934		6444540		3396
1660		934		6448409		3396
1661		934		6452273		3396
1662		934		6456188		3397
1663		933		6460079		3398
1664		933		6463933		3398
1665		933		6467811		3398
1666		933		6471714		3399
1667		933		6475595		3399
1668		932		6479479		3399
1669		932		6483374		3396
1670		932		6487245		3396
1671		930		6491142		3397
1672		930		6494979		3399
1673		928		6498822		3398
1674		926		6502730		3399
1675		926		6506570		3400
1676		926		6510422		3400
1677		926		6514326		3398
1678		926		6518168		3399
1679		926		6522054		3400
1680		926		6525922		3400
1681		926		6529783		3400
1682		924		6533693		3401
1683		924		6537561		3402
1684		924		6541412		3402
1685		922		6545284		3402
1686		922		6549167		3403
1687		922		6553086		3403
1688		922		6556944		3403
1689		922		6560839		3403
1690		922		6564710		3405
1691		922		6568616		3405
1692		922		6572506		3404
1693		922		6576382		3404
1694		922		6580264		3405
1695		921		6584171		3405
1696		921		6588049		3405
1697		921		6591951		3405
1698		921		6595811		3406
1699		921		6599679		3406
1700		921		6603539		3408
1701		921		6607329		3406
1702		921		6611210		3406
1703		917		6615119		3402
1704		917		6618996		3402
1705		916		6622881		3404
1706		916		6626781		3404
1707		916		6630655		3405
1708		916		6634497		3404
1709		915		6638296		3405
1710		915		6642150		3405
1711		915		6646004		3405
1712		915		6649908		3406
1713		915		6653723		3405
1714		915		6657554		3405
1715		915		6661447		3406
1716		915		6665303		3406
1717		915		6669183		3404
1718		915		6673026		3404
1719		915		6676913		3404
1720		915		6680737		3404
1721		915		6684616		3404
1722		915		6688476		3403
1723		915		6692366		3404
1724		915		6696205		3405
1725		915		6700099		3405
1726		916		6703946		3405
1727		916		6707839		3405
1728		916		6711739		3404
1729		916		6715552		3404
1730		916		6719479		3404
1731		916		6723334		3404
1732		916		6727231		3403
1733		916		6731147		3403
1734		916		6735055		3402
1735		916		6738919		3403
1736		916		6742795		3403
1737		915		6746700		3402
1738		915		6750610		3402
1739		915		6754492		3402
1740		915		6758338		3404
1741		915		6762203		3404
1742		915		6766113		3403
1743		915		6770017		3403
1744		915		6773880		3403
1745		915		6777781		3402
1746		915		6781681		3402
1747		915		6785607		3402
1748		915		6789455		3403
1749		915		6793316		3401
1750		915		6797211		3400
1751		915		6801062		3399
1752		915		6804955		3398
1753		915		6808859		3398
1754		912		6812738		3400
1755		912		6816651		3401
1756		912		6820515		3401
1757		912		6824424		3401
1758		910		6828287		3401
1759		910		6832175		3401
1760		910		6836043		3401
1761		911		6839895		3402
1762		911		6843802		3401
1763		911		6847682		3401
1764		911		6851521		3401
1765		911		6855399		3401
1766		911		6859255		3402
1767		911		6863097		3403
1768		911		6866945		3403
1769		911		6870870		3404
1770		911		6874709		3404
1771		911		6878636		3405
1772		911		6882534		3405
1773		911		6886438		3403
1774		911		6890328		3403
1775		911		6894247		3405
1776		911		6898127		3404
1777		911		6902031		3405
1778		911		6905891		3403
1779		911		6909772		3405
1780		911		6913633		3405
1781		911		6917532		3404
1782		911		6921417		3403
1783		911		6925306		3403
1784		911		6929145		3404
1785		911		6932971		3404
1786		911		6936824		3405
1787		911		6940731		3405
1788		911		6944575		3404
1789		911		6948447		3404
1790		911		6952397		3403
1791		911		6956278		3403
1792		911		6960158		3403
1793		911		6964065		3403
1794		913		6967940		3402
1795		911		6971886		3404
1796		911		6975746		3404
1797		910		6979692		3405
1798		910		6983563		3406
1799		910		6987454		3407
1800		910		6991288		3407
1801		910		6995180		3408
1802		910		6999089		3408
1803		910		7002977		3408
1804		910		7006847		3408
1805		910		7010775		3408
1806		910		7014655		3409
1807		910		7018489		3409
1808		910		7022337		3409
1809		910		7026216		3409
1810		910		7030102		3409
1811		910		7033975		3409
1812		910		7037886		3409
1813		910		7041794		3409
1814		910		7045700		3408
1815		910		7049619		3409
1816		910		7053502		3409
1817		910		7057390		3409
1818		906		7061219		3409
1819		909		7065069		3408
1820		909		7068949		3408
1821		909		7072828		3408
1822		909		7076704		3408
1823		909		7080617		3408
1824		909		7084508		3408
1825		909		7088369		3408
1826		909		7092267		3408
1827		909		7096140		3407
1828		909		7100008		3406
1829		909		7103892		3406
1830		908		7107785		3406
1831		908		7111664		3407
1832		908		7115570		3407
1833		910		7119457		3407
1834		910		7123325		3407
1835		910		7127219		3407
1836		910		7131078		3407
1837		910		7134951		3407
1838		910		7138865		3407
1839		910		7142747		3405
1840		910		7146624		3405
1841		908		7150476		3407
1842		908		7154317		3409
1843		908		7158164		3409
1844		909		7162030		3407
1845		909		7165910		3405
1846		909		7169809		3405
1847		911		7173699		3405
1848		911		7177567		3405
1849		911		7181454		3405
1850		912		7185330		3404
1851		909		7189188		3404
1852		909		7193092		3404
1853		909		7196956		3404
1854		905		7200896		3404
1855		905		7204769		3405
1856		905		7208706		3405
1857		905		7212540		3405
1858		905		7216456		3405
1859		905		7220344		3407
1860		905		7224215		3407
1861		904		7228097		3405
1862		905		7231984		3406
1863		905		7235832		3406
1864		905		7239752		3407
1865		905		7243632		3407
1866		903		7247538		3409
1867		903		7251406		3409
1868		903		7255282		3409
1869		903		7259122		3410
1870		903		7262983		3411
1871		901		7266883		3408
1872		901		7270799		3410
1873		901		7274753		3411
1874		901		7278657		3411
1875		901		7282540		3411
1876		900		7286421		3412
1877		898		7290300		3411
1878		896		7294158		3413
1879		896		7298040		3413
1880		896		7301941		3413
1881		896		7305772		3413
1882		893		7309655		3410
1883		893		7313529		3410
1884		895		7317394		3408
1885		895		7321310		3408
1886		895		7325232		3408
1887		895		7329111		3408
1888		895		7332947		3408
1889		895		7336804		3408
1890		895		7340657		3408
1891		895		7344553		3407
1892		895		7348432		3409
1893		895		7352292		3409
1894		895		7356126		3408
1895		895		7360032		3409
1896		895		7363895		3407
1897		895		7367807		3407
1898		895		7371725		3409
1899		895		7375636		3408
1900		895		7379546		3408
1901		895		7383401		3408
1902		895		7387291		3407
1903		895		7391206		3406
1904		895		7395102		3406
1905		895		7398965		3405
1906		895		7402809		3405
1907		895		7406660		3405
1908		895		7410562		3405
1909		895		7414426		3405
1910		895		7418302		3404
1911		895		7422204		3406
1912		895		7426116		3404
1913		895		7429988		3404
1914		895		7433848		3404
1915		895		7437737		3405
1916		895		7441633		3405
1917		895		7445505		3405
1918		895		7449400		3405
1919		895		7453329		3405
1920		895		7457191		3405
1921		895		7461072		3405
1922		895		7464940		3405
1923		895		7468820		3405
1924		895		7472717		3402
1925		895		7476610		3402
1926		895		7480489		3401
1927		895		7484375		3403
1928		895		7488240		3403
1929		895		7492162		3403
1930		895		7496021		3402
1931		893		7499924		3402
1932		893		7503824		3402
1933		893		7507706		3402
1934		893		7511602		3402
1935		893		7515483		3404
1936		893		7519377		3403
1937		893		7523206		3403
1938		891		7527097		3404
1939		891		7531002		3404
1940		891		7534880		3404
1941		891		7538784		3404
1942		891		7542661		3404
1943		891		7546499		3405
1944		891		7550365		3405
1945		891		7554270		3405
1946		891		7558185		3405
1947		891		7562022		3405
1948		891		7565890		3407
1949		891		7569773		3406
1950		890		7573634		3409
1951		890		7577495		3409
1952		890		7581344		3409
1953		890		7585210		3410
1954		890		7589112		3411
1955		890		7592965		3412
1956		890		7596855		3412
1957		890		7600743		3411
1958		890		7604668		3411
1959		890		7608521		3411
1960		890		7612399		3412
1961		890		7616282		3412
1962		890		7620157		3411
1963		892		7624019		3412
1964		894		7627910		3412
1965		892		7631773		3413
1966		892		7635637		3413
1967		892		7639506		3412
1968		892		7643390		3412
1969		892		7647254		3412
1970		892		7651111		3412
1971		892		7654986		3412
1972		892		7658824		3412
1973		892		7662667		3412
1974		892		7666554		3412
1975		892		7670425		3412
1976		893		7674354		3412
1977		893		7678232		3412
1978		893		7682126		3413
1979		893		7685937		3413
1980		893		7689756		3414
1981		893		7693672		3415
1982		893		7697498		3414
1983		893		7701380		3414
1984		893		7705249		3414
1985		893		7709106		3414
1986		893		7712980		3414
1987		893		7716853		3414
1988		893		7720690		3414
1989		893		7724598		3414
1990		893		7728450		3414
1991		893		7732311		3414
1992		893		7736262		3413
1993		893		7740165		3413
1994		890		7744053		3413
1995		890		7747882		3413
1996		890		7751802		3413
1997		892		7755687		3413
1998		892		7759564		3413
1999		892		7763452		3413
