# Migration is number of nodes that have changed color.

Round		Edge-Cut		Swaps		Migrations		Skipped
0		6396		4407		2544
1		5328		8508		2810
2		4744		12569		2920
3		4393		16607		2966
4		4081		20622		3016
5		3879		24585		3051
6		3740		28509		3067
7		3603		32461		3086
8		3470		36426		3104
9		3404		40324		3110
10		3335		44217		3118
11		3255		48135		3128
12		3197		52074		3125
13		3127		55996		3132
14		3063		59898		3136
15		3019		63841		3149
16		2967		67753		3155
17		2923		71696		3159
18		2880		75622		3162
19		2858		79572		3167
20		2819		83481		3176
21		2782		87412		3189
22		2752		91346		3199
23		2725		95248		3204
24		2693		99188		3206
25		2654		103032		3217
26		2640		106936		3211
27		2616		110840		3214
28		2598		114775		3219
29		2567		118671		3215
30		2542		122551		3214
31		2525		126458		3222
32		2505		130365		3226
33		2492		134250		3231
34		2467		138187		3234
35		2450		142089		3238
36		2433		145970		3241
37		2428		149812		3232
38		2407		153738		3242
39		2399		157600		3246
40		2382		161489		3241
41		2373		165323		3242
42		2365		169245		3239
43		2358		173190		3237
44		2339		177163		3238
45		2331		181083		3243
46		2326		184971		3250
47		2318		188812		3252
48		2311		192710		3253
49		2299		196552		3256
50		2285		200435		3254
51		2272		204348		3257
52		2261		208191		3245
53		2244		212108		3253
54		2232		215946		3254
55		2229		219898		3253
56		2219		223787		3254
57		2210		227686		3255
58		2202		231594		3256
59		2191		235498		3260
60		2184		239383		3262
61		2171		243276		3262
62		2161		247173		3255
63		2148		251057		3261
64		2137		254960		3261
65		2127		258804		3263
66		2121		262677		3263
67		2115		266550		3267
68		2111		270432		3267
69		2102		274322		3266
70		2096		278210		3263
71		2095		282135		3263
72		2094		286065		3267
73		2084		289940		3277
74		2078		293854		3276
75		2068		297758		3277
76		2066		301660		3275
77		2068		305558		3283
78		2062		309471		3281
79		2056		313372		3289
80		2049		317273		3295
81		2040		321129		3293
82		2031		325026		3301
83		2015		328894		3298
84		2008		332779		3301
85		2002		336669		3300
86		1997		340580		3298
87		1988		344517		3295
88		1984		348401		3298
89		1967		352274		3296
90		1956		356158		3300
91		1952		360034		3302
92		1950		363912		3301
93		1947		367849		3300
94		1940		371771		3299
95		1940		375642		3301
96		1939		379472		3297
97		1931		383378		3298
98		1927		387212		3304
99		1917		391112		3302
100		1907		395011		3303
101		1903		398894		3309
102		1898		402773		3307
103		1897		406640		3308
104		1889		410503		3310
105		1890		414377		3306
106		1885		418236		3301
107		1874		422107		3301
108		1871		426018		3299
109		1860		429923		3301
110		1853		433825		3302
111		1852		437726		3302
112		1848		441604		3303
113		1847		445503		3304
114		1843		449388		3306
115		1837		453303		3306
116		1835		457241		3304
117		1836		461145		3303
118		1834		465048		3304
119		1827		468952		3310
120		1826		472845		3311
121		1819		476744		3311
122		1822		480651		3312
123		1822		484519		3313
124		1818		488407		3310
125		1815		492293		3310
126		1814		496202		3311
127		1809		500079		3308
128		1808		503970		3311
129		1806		507852		3311
130		1805		511764		3312
131		1804		515641		3313
132		1796		519497		3314
133		1792		523392		3312
134		1787		527246		3315
135		1787		531109		3310
136		1780		534978		3314
137		1780		538861		3313
138		1779		542683		3316
139		1775		546598		3316
140		1770		550518		3321
141		1770		554425		3322
142		1771		558270		3321
143		1771		562200		3321
144		1768		566117		3325
145		1768		570026		3325
146		1765		573926		3325
147		1756		577825		3327
148		1756		581714		3331
149		1757		585603		3332
150		1758		589479		3333
151		1756		593375		3334
152		1751		597294		3333
153		1753		601181		3333
154		1747		605080		3330
155		1745		608971		3331
156		1745		612857		3331
157		1743		616733		3330
158		1738		620654		3332
159		1735		624540		3333
160		1732		628442		3330
161		1728		632279		3332
162		1718		636162		3335
163		1717		640071		3335
164		1712		643991		3336
165		1714		647866		3338
166		1711		651745		3338
167		1708		655625		3337
168		1708		659488		3340
169		1706		663393		3341
170		1704		667295		3342
171		1703		671174		3342
172		1704		675091		3347
173		1703		679004		3345
174		1701		682919		3345
175		1700		686803		3341
176		1700		690718		3340
177		1697		694572		3343
178		1691		698450		3340
179		1686		702315		3340
180		1686		706207		3338
181		1677		710102		3331
182		1673		713988		3330
183		1670		717913		3329
184		1670		721809		3331
185		1667		725658		3327
186		1667		729617		3327
187		1663		733448		3326
188		1659		737351		3325
189		1654		741222		3330
190		1653		745122		3332
191		1650		749002		3329
192		1642		752885		3324
193		1643		756806		3326
194		1638		760736		3321
195		1635		764638		3323
196		1635		768516		3322
197		1631		772457		3323
198		1631		776335		3324
199		1627		780229		3326
200		1627		784135		3327
201		1622		788016		3322
202		1620		791918		3326
203		1619		795820		3328
204		1618		799681		3327
205		1616		803547		3327
206		1617		807449		3328
207		1617		811280		3327
208		1611		815192		3329
209		1601		819097		3337
210		1602		822987		3338
211		1597		826867		3338
212		1596		830757		3341
213		1596		834649		3342
214		1594		838551		3342
215		1590		842434		3342
216		1591		846308		3343
217		1591		850184		3340
218		1587		854055		3342
219		1586		857929		3343
220		1584		861843		3342
221		1576		865707		3339
222		1577		869595		3340
223		1573		873470		3341
224		1571		877344		3341
225		1573		881253		3344
226		1573		885104		3347
227		1574		888957		3347
228		1574		892863		3348
229		1574		896747		3349
230		1567		900620		3345
231		1565		904516		3341
232		1560		908387		3341
233		1560		912270		3343
234		1558		916180		3341
235		1559		920083		3343
236		1558		923889		3342
237		1558		927780		3343
238		1557		931692		3345
239		1558		935512		3346
240		1555		939390		3348
241		1554		943285		3348
242		1554		947156		3348
243		1555		951024		3349
244		1553		954880		3348
245		1549		958736		3345
246		1548		962611		3345
247		1543		966500		3344
248		1539		970352		3344
249		1539		974226		3344
250		1538		978162		3345
251		1535		982072		3346
252		1535		985924		3345
253		1535		989835		3345
254		1535		993680		3346
255		1533		997547		3347
256		1531		1001408		3344
257		1531		1005260		3347
258		1533		1009151		3348
259		1529		1013026		3345
260		1531		1016899		3346
261		1529		1020754		3349
262		1528		1024668		3349
263		1525		1028587		3348
264		1525		1032492		3348
265		1527		1036392		3349
266		1526		1040245		3347
267		1526		1044139		3346
268		1525		1048010		3346
269		1524		1051875		3348
270		1523		1055766		3347
271		1520		1059677		3348
272		1517		1063536		3349
273		1515		1067360		3349
274		1513		1071255		3348
275		1513		1075172		3346
276		1511		1079072		3348
277		1508		1082923		3345
278		1506		1086797		3344
279		1506		1090677		3345
280		1504		1094576		3346
281		1500		1098460		3349
282		1497		1102374		3352
283		1496		1106290		3354
284		1498		1110171		3354
285		1496		1114009		3353
286		1495		1117898		3350
287		1495		1121816		3354
288		1495		1125686		3358
289		1493		1129569		3355
290		1493		1133445		3354
291		1493		1137312		3352
292		1495		1141214		3351
293		1490		1145107		3354
294		1489		1148981		3354
295		1489		1152861		3358
296		1487		1156733		3359
297		1484		1160571		3359
298		1484		1164492		3359
299		1484		1168422		3359
300		1484		1172316		3360
301		1486		1176233		3359
302		1486		1180160		3361
303		1485		1184087		3360
304		1485		1187968		3360
305		1485		1191829		3360
306		1483		1195719		3359
307		1483		1199633		3360
308		1482		1203459		3362
309		1480		1207375		3361
310		1477		1211239		3361
311		1478		1215133		3363
312		1477		1218994		3363
313		1477		1222945		3363
314		1478		1226840		3364
315		1478		1230672		3364
316		1478		1234568		3364
317		1477		1238404		3363
318		1477		1242266		3363
319		1477		1246119		3362
320		1477		1249990		3362
321		1477		1253930		3362
322		1475		1257789		3360
323		1476		1261619		3360
324		1475		1265483		3358
325		1475		1269377		3360
326		1473		1273281		3361
327		1473		1277167		3361
328		1473		1281085		3364
329		1472		1284944		3364
330		1472		1288811		3365
331		1471		1292705		3364
332		1471		1296606		3364
333		1471		1300507		3364
334		1467		1304411		3365
335		1465		1308284		3363
336		1463		1312185		3361
337		1463		1316095		3363
338		1460		1319966		3363
339		1459		1323846		3358
340		1459		1327766		3357
341		1456		1331624		3351
342		1452		1335554		3349
343		1452		1339448		3352
344		1450		1343318		3350
345		1450		1347184		3350
346		1452		1351101		3352
347		1452		1355030		3352
348		1452		1358858		3352
349		1452		1362747		3353
350		1452		1366655		3353
351		1453		1370506		3355
352		1453		1374379		3356
353		1453		1378250		3356
354		1453		1382138		3357
355		1452		1386010		3356
356		1452		1389868		3356
357		1454		1393758		3353
358		1449		1397620		3354
359		1449		1401477		3357
360		1446		1405332		3358
361		1446		1409221		3357
362		1446		1413108		3359
363		1445		1417012		3361
364		1445		1420895		3359
365		1443		1424773		3361
366		1442		1428620		3361
367		1442		1432533		3362
368		1442		1436401		3357
369		1438		1440281		3358
370		1438		1444175		3358
371		1438		1448094		3357
372		1438		1451940		3357
373		1437		1455815		3359
374		1437		1459697		3359
375		1437		1463504		3359
376		1437		1467390		3361
377		1437		1471266		3361
378		1438		1475135		3363
379		1438		1479019		3362
380		1438		1482899		3362
381		1438		1486793		3362
382		1439		1490656		3362
383		1439		1494550		3361
384		1438		1498438		3360
385		1438		1502340		3358
386		1438		1506223		3358
387		1434		1510054		3358
388		1430		1513941		3364
389		1428		1517839		3363
390		1427		1521714		3363
391		1426		1525603		3358
392		1426		1529514		3358
393		1425		1533380		3358
394		1426		1537253		3356
395		1424		1541078		3354
396		1426		1544939		3353
397		1425		1548810		3353
398		1418		1552698		3351
399		1419		1556597		3355
400		1419		1560477		3358
401		1420		1564313		3358
402		1415		1568234		3360
403		1414		1572101		3362
404		1413		1575949		3360
405		1413		1579819		3360
406		1413		1583654		3360
407		1411		1587530		3361
408		1411		1591378		3361
409		1410		1595266		3362
410		1408		1599156		3361
411		1408		1603012		3358
412		1406		1606883		3360
413		1404		1610773		3360
414		1406		1614700		3363
415		1406		1618611		3365
416		1406		1622512		3365
417		1406		1626386		3362
418		1405		1630242		3362
419		1404		1634098		3361
420		1401		1637997		3366
421		1399		1641839		3367
422		1399		1645718		3365
423		1397		1649546		3364
424		1393		1653395		3366
425		1393		1657215		3366
426		1393		1661130		3368
427		1391		1665003		3369
428		1391		1668943		3370
429		1389		1672814		3370
430		1391		1676726		3373
431		1390		1680594		3374
432		1390		1684455		3374
433		1389		1688331		3373
434		1388		1692215		3373
435		1388		1696039		3375
436		1388		1699935		3376
437		1387		1703784		3377
438		1386		1707683		3377
439		1385		1711534		3378
440		1386		1715428		3375
441		1385		1719336		3377
442		1384		1723209		3380
443		1382		1727082		3376
444		1381		1730945		3376
445		1379		1734801		3378
446		1380		1738677		3376
447		1380		1742551		3375
448		1380		1746464		3375
449		1381		1750368		3376
450		1381		1754199		3380
451		1380		1758026		3380
452		1381		1761889		3378
453		1381		1765783		3378
454		1381		1769673		3376
455		1381		1773520		3376
456		1381		1777349		3376
457		1381		1781242		3374
458		1381		1785108		3374
459		1382		1788953		3375
460		1382		1792840		3373
461		1382		1796698		3373
462		1382		1800616		3374
463		1381		1804512		3375
464		1381		1808413		3376
465		1381		1812303		3375
466		1380		1816234		3376
467		1380		1820105		3377
468		1379		1823994		3376
469		1380		1827870		3377
470		1379		1831769		3376
471		1379		1835657		3376
472		1376		1839549		3378
473		1376		1843419		3376
474		1376		1847250		3375
475		1376		1851167		3376
476		1375		1855064		3376
477		1377		1858945		3378
478		1377		1862835		3377
479		1379		1866711		3375
480		1379		1870607		3375
481		1379		1874488		3375
482		1376		1878401		3375
483		1372		1882315		3377
484		1372		1886181		3375
485		1372		1890034		3375
486		1372		1893933		3376
487		1372		1897841		3378
488		1372		1901717		3377
489		1372		1905573		3376
490		1368		1909466		3373
491		1368		1913400		3372
492		1368		1917275		3371
493		1367		1921116		3372
494		1369		1925049		3370
495		1369		1928947		3370
496		1368		1932780		3369
497		1368		1936676		3369
498		1366		1940568		3368
499		1367		1944405		3373
500		1367		1948292		3371
501		1366		1952169		3373
502		1366		1956065		3374
503		1364		1959934		3377
504		1361		1963796		3377
505		1361		1967661		3380
506		1361		1971546		3380
507		1361		1975402		3380
508		1360		1979304		3379
509		1362		1983165		3381
510		1362		1987063		3381
511		1362		1991014		3380
512		1362		1994908		3381
513		1362		1998784		3383
514		1358		2002641		3382
515		1357		2006491		3382
516		1355		2010357		3378
517		1355		2014229		3377
518		1356		2018099		3377
519		1356		2021980		3379
520		1356		2025908		3376
521		1356		2029756		3375
522		1354		2033677		3376
523		1354		2037565		3375
524		1354		2041434		3376
525		1354		2045311		3374
526		1355		2049235		3376
527		1353		2053094		3374
528		1353		2056954		3373
529		1352		2060830		3375
530		1352		2064664		3375
531		1352		2068565		3375
532		1352		2072428		3375
533		1353		2076313		3374
534		1353		2080198		3375
535		1354		2084061		3379
536		1352		2087949		3380
537		1352		2091835		3379
538		1352		2095734		3382
539		1352		2099628		3381
540		1352		2103499		3379
541		1351		2107405		3376
542		1348		2111297		3376
543		1348		2115150		3376
544		1349		2119059		3373
545		1349		2122943		3375
546		1349		2126803		3377
547		1351		2130690		3376
548		1351		2134547		3377
549		1351		2138412		3377
550		1350		2142319		3377
551		1350		2146232		3375
552		1349		2150147		3377
553		1349		2154037		3376
554		1349		2157945		3376
555		1347		2161877		3376
556		1346		2165768		3375
557		1345		2169630		3375
558		1343		2173496		3374
559		1343		2177374		3374
560		1344		2181257		3372
561		1344		2185139		3372
562		1343		2189031		3372
563		1343		2192934		3372
564		1343		2196810		3372
565		1344		2200728		3373
566		1344		2204605		3373
567		1342		2208483		3374
568		1342		2212413		3373
569		1343		2216294		3373
570		1343		2220148		3373
571		1343		2223999		3375
572		1341		2227886		3374
573		1339		2231737		3372
574		1339		2235638		3375
575		1339		2239494		3375
576		1339		2243398		3376
577		1337		2247306		3375
578		1337		2251194		3375
579		1337		2255094		3377
580		1337		2258947		3377
581		1339		2262823		3376
582		1340		2266736		3378
583		1341		2270628		3377
584		1336		2274512		3379
585		1334		2278410		3378
586		1332		2282266		3376
587		1333		2286139		3378
588		1331		2290003		3379
589		1332		2293867		3381
590		1327		2297745		3380
591		1327		2301622		3380
592		1327		2305523		3380
593		1326		2309435		3379
594		1327		2313384		3383
595		1327		2317267		3383
596		1327		2321194		3383
597		1327		2325034		3384
598		1326		2328905		3384
599		1326		2332765		3385
600		1324		2336650		3386
601		1324		2340507		3387
602		1324		2344419		3386
603		1324		2348316		3387
604		1324		2352185		3387
605		1324		2356075		3387
606		1324		2359946		3384
607		1324		2363817		3385
608		1322		2367696		3386
609		1322		2371572		3388
610		1321		2375454		3387
611		1322		2379350		3385
612		1320		2383254		3385
613		1320		2387105		3382
614		1320		2391007		3382
615		1320		2394882		3380
616		1320		2398754		3380
617		1320		2402635		3379
618		1320		2406489		3381
619		1322		2410350		3382
620		1321		2414223		3383
621		1321		2418073		3384
622		1320		2421953		3385
623		1320		2425867		3384
624		1320		2429735		3385
625		1321		2433641		3387
626		1321		2437558		3386
627		1323		2441472		3385
628		1322		2445388		3389
629		1321		2449285		3390
630		1322		2453180		3390
631		1322		2457045		3389
632		1323		2460912		3390
633		1323		2464825		3390
634		1320		2468655		3389
635		1320		2472564		3387
636		1320		2476436		3385
637		1320		2480337		3385
638		1320		2484208		3386
639		1319		2488065		3387
640		1319		2491920		3387
641		1319		2495814		3388
642		1319		2499697		3388
643		1319		2503619		3388
644		1319		2507494		3388
645		1318		2511386		3386
646		1318		2515275		3387
647		1316		2519131		3389
648		1315		2523039		3396
649		1314		2526930		3394
650		1313		2530785		3393
651		1311		2534663		3395
652		1311		2538536		3394
653		1311		2542369		3394
654		1311		2546263		3393
655		1313		2550119		3391
656		1313		2553990		3390
657		1316		2557886		3393
658		1318		2561746		3392
659		1317		2565603		3391
660		1317		2569505		3392
661		1317		2573397		3388
662		1317		2577267		3388
663		1317		2581168		3388
664		1317		2585058		3388
665		1317		2588935		3388
666		1315		2592766		3387
667		1312		2596654		3387
668		1312		2600537		3386
669		1310		2604416		3388
670		1310		2608306		3391
671		1310		2612161		3391
672		1310		2616051		3391
673		1308		2619917		3389
674		1308		2623792		3393
675		1307		2627651		3396
676		1306		2631526		3394
677		1306		2635435		3394
678		1305		2639270		3395
679		1305		2643137		3397
680		1305		2647052		3394
681		1307		2650924		3392
682		1307		2654787		3393
683		1309		2658643		3395
684		1305		2662536		3393
685		1303		2666453		3391
686		1302		2670384		3389
687		1301		2674250		3386
688		1300		2678154		3382
689		1299		2681991		3381
690		1299		2685862		3383
691		1300		2689709		3383
692		1302		2693600		3381
693		1302		2697467		3381
694		1299		2701351		3379
695		1297		2705274		3380
696		1297		2709116		3379
697		1297		2712975		3379
698		1296		2716865		3381
699		1297		2720746		3381
700		1290		2724625		3383
701		1286		2728511		3384
702		1286		2732397		3385
703		1288		2736246		3388
704		1289		2740109		3390
705		1289		2743995		3392
706		1285		2747867		3390
707		1287		2751762		3389
708		1287		2755638		3389
709		1285		2759509		3387
710		1285		2763383		3388
711		1286		2767265		3387
712		1285		2771149		3388
713		1283		2775082		3390
714		1283		2778993		3390
715		1281		2782896		3391
716		1281		2786783		3391
717		1280		2790672		3393
718		1280		2794537		3393
719		1271		2798414		3393
720		1269		2802328		3393
721		1269		2806169		3394
722		1269		2810073		3395
723		1269		2813943		3393
724		1269		2817841		3393
725		1269		2821734		3393
726		1270		2825632		3395
727		1270		2829481		3396
728		1270		2833376		3397
729		1270		2837225		3399
730		1269		2841105		3397
731		1268		2845023		3399
732		1268		2848895		3399
733		1268		2852802		3397
734		1264		2856705		3398
735		1263		2860576		3396
736		1263		2864464		3396
737		1263		2868349		3396
738		1264		2872302		3397
739		1262		2876165		3399
740		1262		2879984		3398
741		1263		2883877		3398
742		1261		2887761		3397
743		1258		2891631		3398
744		1258		2895484		3398
745		1259		2899360		3396
746		1259		2903213		3396
747		1258		2907098		3395
748		1258		2910930		3394
749		1257		2914819		3393
750		1260		2918710		3396
751		1259		2922680		3397
752		1257		2926556		3398
753		1257		2930420		3396
754		1255		2934296		3395
755		1253		2938168		3393
756		1252		2942042		3394
757		1252		2945890		3394
758		1250		2949802		3396
759		1250		2953721		3396
760		1248		2957583		3396
761		1246		2961509		3394
762		1247		2965354		3396
763		1243		2969216		3400
764		1242		2973121		3399
765		1242		2977009		3401
766		1242		2980874		3401
767		1242		2984805		3403
768		1242		2988676		3400
769		1242		2992541		3400
770		1242		2996410		3401
771		1242		3000262		3402
772		1244		3004136		3402
773		1243		3008001		3403
774		1243		3011896		3404
775		1243		3015815		3404
776		1243		3019704		3403
777		1243		3023526		3404
778		1243		3027406		3404
779		1243		3031300		3403
780		1243		3035215		3403
781		1243		3039115		3404
782		1243		3042972		3404
783		1243		3046844		3405
784		1241		3050722		3406
785		1240		3054621		3409
786		1240		3058481		3410
787		1239		3062345		3412
788		1239		3066247		3412
789		1236		3070119		3412
790		1236		3073989		3414
791		1235		3077867		3414
792		1235		3081739		3414
793		1235		3085650		3416
794		1235		3089527		3418
795		1235		3093442		3420
796		1235		3097322		3418
797		1235		3101194		3419
798		1235		3105054		3418
799		1234		3108940		3415
800		1231		3112752		3418
801		1231		3116637		3418
802		1231		3120519		3418
803		1228		3124422		3417
804		1228		3128308		3416
805		1228		3132162		3418
806		1228		3136031		3419
807		1229		3139911		3419
808		1226		3143814		3422
809		1223		3147736		3423
810		1223		3151600		3423
811		1223		3155496		3423
812		1223		3159384		3423
813		1223		3163274		3421
814		1223		3167173		3422
815		1223		3171049		3421
816		1223		3174861		3422
817		1223		3178742		3422
818		1221		3182600		3422
819		1221		3186488		3422
820		1221		3190393		3421
821		1219		3194305		3423
822		1219		3198218		3423
823		1220		3202106		3424
824		1220		3205990		3424
825		1219		3209830		3423
826		1219		3213693		3421
827		1219		3217539		3419
828		1219		3221389		3420
829		1220		3225302		3419
830		1220		3229165		3419
831		1220		3233070		3418
832		1221		3236929		3418
833		1220		3240847		3418
834		1220		3244719		3415
835		1220		3248559		3415
836		1220		3252427		3415
837		1220		3256293		3415
838		1220		3260171		3415
839		1220		3264041		3415
840		1220		3267935		3415
841		1220		3271756		3416
842		1220		3275616		3416
843		1220		3279488		3414
844		1220		3283340		3414
845		1222		3287200		3415
846		1222		3291084		3414
847		1223		3294982		3412
848		1223		3298848		3412
849		1223		3302667		3411
850		1221		3306531		3410
851		1220		3310405		3406
852		1219		3314292		3406
853		1216		3318148		3405
854		1217		3322021		3404
855		1216		3325927		3406
856		1216		3329834		3407
857		1216		3333706		3408
858		1216		3337617		3408
859		1216		3341471		3411
860		1216		3345398		3409
861		1216		3349286		3410
862		1216		3353155		3406
863		1216		3356993		3402
864		1216		3360907		3402
865		1216		3364789		3402
866		1216		3368712		3401
867		1216		3372569		3401
868		1215		3376416		3400
869		1215		3380238		3401
870		1215		3384101		3401
871		1215		3388012		3400
872		1214		3391894		3402
873		1210		3395779		3403
874		1209		3399615		3403
875		1209		3403500		3404
876		1209		3407363		3405
877		1209		3411223		3406
878		1210		3415092		3407
879		1208		3418932		3405
880		1208		3422837		3405
881		1208		3426707		3406
882		1207		3430608		3408
883		1207		3434478		3409
884		1207		3438336		3408
885		1207		3442234		3408
886		1207		3446110		3410
887		1205		3450003		3411
888		1202		3453907		3408
889		1203		3457795		3408
890		1203		3461687		3408
891		1203		3465577		3409
892		1203		3469449		3408
893		1203		3473347		3410
894		1203		3477233		3410
895		1203		3481124		3409
896		1203		3484957		3409
897		1203		3488830		3409
898		1203		3492745		3407
899		1203		3496668		3407
900		1203		3500569		3408
901		1203		3504468		3406
902		1203		3508304		3406
903		1203		3512209		3407
904		1203		3516127		3407
905		1203		3519981		3409
906		1203		3523851		3409
907		1203		3527735		3408
908		1203		3531621		3408
909		1203		3535530		3408
910		1202		3539398		3408
911		1202		3543304		3409
912		1202		3547168		3409
913		1202		3550970		3409
914		1202		3554842		3408
915		1202		3558699		3408
916		1200		3562598		3406
917		1200		3566477		3405
918		1198		3570390		3402
919		1198		3574290		3404
920		1198		3578170		3404
921		1198		3582064		3407
922		1198		3585964		3409
923		1196		3589835		3409
924		1196		3593746		3407
925		1196		3597587		3407
926		1193		3601395		3407
927		1193		3605307		3407
928		1193		3609170		3407
929		1194		3613001		3407
930		1194		3616856		3408
931		1194		3620734		3408
932		1194		3624620		3408
933		1193		3628545		3408
934		1193		3632421		3409
935		1193		3636275		3409
936		1193		3640173		3408
937		1193		3644044		3408
938		1193		3647926		3407
939		1193		3651761		3407
940		1193		3655631		3405
941		1193		3659525		3405
942		1193		3663415		3403
943		1193		3667287		3402
944		1193		3671154		3405
945		1193		3675023		3405
946		1193		3678914		3404
947		1193		3682778		3405
948		1193		3686674		3404
949		1192		3690528		3403
950		1192		3694392		3403
951		1192		3698314		3403
952		1191		3702181		3402
953		1190		3706080		3402
954		1190		3709951		3402
955		1188		3713837		3403
956		1188		3717726		3401
957		1189		3721559		3398
958		1189		3725430		3400
959		1189		3729252		3400
960		1189		3733114		3401
961		1188		3737066		3402
962		1188		3740952		3402
963		1188		3744811		3402
964		1189		3748703		3402
965		1188		3752589		3402
966		1188		3756462		3403
967		1186		3760386		3401
968		1186		3764263		3403
969		1186		3768125		3405
970		1186		3772015		3403
971		1186		3775892		3405
972		1186		3779808		3405
973		1185		3783681		3404
974		1185		3787548		3403
975		1183		3791434		3407
976		1183		3795307		3407
977		1182		3799226		3406
978		1181		3803089		3402
979		1180		3807024		3403
980		1181		3810881		3406
981		1181		3814739		3407
982		1181		3818616		3407
983		1181		3822482		3406
984		1181		3826345		3403
985		1181		3830219		3402
986		1179		3834065		3400
987		1179		3838002		3401
988		1180		3841821		3400
989		1180		3845649		3399
990		1180		3849514		3400
991		1180		3853346		3401
992		1180		3857209		3400
993		1177		3861034		3400
994		1177		3864918		3398
995		1176		3868822		3397
996		1175		3872723		3400
997		1175		3876569		3400
998		1175		3880443		3400
999		1175		3884313		3401
1000		1176		3888192		3400
1001		1176		3892051		3400
1002		1176		3895906		3400
1003		1176		3899800		3400
1004		1175		3903709		3401
1005		1177		3907561		3404
1006		1175		3911456		3403
1007		1176		3915384		3405
1008		1176		3919243		3405
1009		1175		3923083		3405
1010		1175		3926981		3403
1011		1175		3930850		3403
1012		1175		3934725		3403
1013		1175		3938633		3402
1014		1175		3942521		3404
1015		1175		3946420		3404
1016		1175		3950298		3404
1017		1175		3954201		3404
1018		1173		3958084		3404
1019		1173		3961991		3404
1020		1173		3965848		3405
1021		1173		3969760		3405
1022		1173		3973626		3405
1023		1174		3977513		3406
1024		1174		3981404		3406
1025		1174		3985326		3408
1026		1174		3989191		3410
1027		1174		3993075		3412
1028		1172		3996948		3412
1029		1174		4000784		3413
1030		1174		4004650		3413
1031		1172		4008575		3413
1032		1172		4012442		3410
1033		1172		4016358		3410
1034		1172		4020218		3410
1035		1172		4024087		3410
1036		1172		4027930		3412
1037		1172		4031825		3411
1038		1172		4035690		3410
1039		1172		4039560		3410
1040		1166		4043463		3405
1041		1166		4047358		3403
1042		1165		4051276		3406
1043		1165		4055155		3406
1044		1165		4059020		3407
1045		1165		4062844		3408
1046		1161		4066754		3410
1047		1163		4070642		3408
1048		1165		4074566		3408
1049		1164		4078467		3408
1050		1160		4082348		3407
1051		1161		4086229		3407
1052		1161		4090056		3407
1053		1161		4093933		3407
1054		1161		4097818		3409
1055		1160		4101672		3412
1056		1160		4105540		3413
1057		1160		4109427		3413
1058		1155		4113293		3415
1059		1155		4117164		3415
1060		1154		4121056		3416
1061		1154		4124893		3416
1062		1153		4128771		3420
1063		1151		4132654		3423
1064		1151		4136588		3423
1065		1150		4140483		3423
1066		1150		4144357		3423
1067		1150		4148265		3424
1068		1149		4152104		3423
1069		1149		4155986		3422
1070		1149		4159854		3421
1071		1150		4163724		3421
1072		1150		4167633		3421
1073		1150		4171526		3422
1074		1150		4175410		3422
1075		1151		4179320		3421
1076		1151		4183193		3421
1077		1151		4187105		3421
1078		1151		4190989		3422
1079		1151		4194841		3422
1080		1151		4198748		3419
1081		1151		4202618		3418
1082		1150		4206517		3418
1083		1148		4210381		3418
1084		1148		4214285		3419
1085		1148		4218184		3421
1086		1148		4222050		3421
1087		1150		4225933		3420
1088		1149		4229808		3418
1089		1145		4233673		3416
1090		1144		4237568		3415
1091		1143		4241479		3415
1092		1144		4245364		3416
1093		1144		4249322		3416
1094		1144		4253156		3415
1095		1142		4257045		3416
1096		1141		4260947		3417
1097		1141		4264814		3416
1098		1141		4268704		3416
1099		1136		4272597		3415
1100		1138		4276485		3416
1101		1138		4280354		3417
1102		1138		4284231		3416
1103		1139		4288110		3419
1104		1139		4292043		3422
1105		1141		4295885		3422
1106		1141		4299795		3422
1107		1140		4303666		3421
1108		1140		4307499		3419
1109		1139		4311331		3420
1110		1139		4315195		3418
1111		1138		4319058		3418
1112		1140		4322946		3420
1113		1140		4326827		3421
1114		1138		4330669		3420
1115		1138		4334586		3421
1116		1136		4338515		3420
1117		1137		4342459		3422
1118		1136		4346323		3421
1119		1136		4350212		3420
1120		1136		4354092		3418
1121		1135		4357974		3418
1122		1136		4361842		3419
1123		1133		4365739		3417
1124		1134		4369649		3417
1125		1134		4373541		3419
1126		1134		4377435		3416
1127		1134		4381306		3416
1128		1134		4385213		3416
1129		1134		4389130		3416
1130		1134		4393004		3416
1131		1134		4396893		3416
1132		1133		4400756		3417
1133		1134		4404640		3416
1134		1132		4408496		3417
1135		1132		4412367		3416
1136		1130		4416237		3415
1137		1126		4420122		3411
1138		1126		4423976		3410
1139		1126		4427859		3410
1140		1126		4431755		3410
1141		1126		4435667		3410
1142		1126		4439574		3410
1143		1126		4443425		3409
1144		1126		4447337		3408
1145		1126		4451204		3408
1146		1123		4455130		3407
1147		1124		4459024		3409
1148		1122		4462825		3409
1149		1122		4466661		3409
1150		1122		4470537		3409
1151		1119		4474406		3408
1152		1119		4478273		3408
1153		1119		4482176		3408
1154		1119		4486074		3409
1155		1117		4489927		3410
1156		1117		4493779		3410
1157		1117		4497599		3409
1158		1117		4501468		3409
1159		1117		4505378		3409
1160		1117		4509231		3409
1161		1119		4513139		3407
1162		1119		4517042		3406
1163		1119		4520946		3406
1164		1119		4524826		3406
1165		1118		4528721		3405
1166		1114		4532584		3405
1167		1114		4536448		3405
1168		1114		4540327		3405
1169		1114		4544231		3407
1170		1115		4548103		3407
1171		1112		4551983		3409
1172		1112		4555871		3411
1173		1110		4559802		3412
1174		1112		4563664		3412
1175		1112		4567501		3412
1176		1112		4571383		3414
1177		1110		4575251		3415
1178		1110		4579138		3417
1179		1110		4583040		3416
1180		1109		4586955		3414
1181		1108		4590828		3414
1182		1108		4594702		3415
1183		1108		4598544		3414
1184		1108		4602385		3416
1185		1108		4606224		3416
1186		1102		4610033		3415
1187		1102		4613960		3416
1188		1102		4617794		3417
1189		1102		4621711		3417
1190		1102		4625650		3417
1191		1102		4629549		3417
1192		1102		4633404		3416
1193		1102		4637285		3416
1194		1101		4641216		3417
1195		1101		4645089		3416
1196		1101		4648978		3416
1197		1101		4652856		3416
1198		1101		4656715		3416
1199		1101		4660586		3416
1200		1102		4664474		3417
1201		1101		4668370		3417
1202		1101		4672255		3415
1203		1101		4676165		3415
1204		1100		4680056		3416
1205		1100		4683931		3414
1206		1100		4687839		3413
1207		1100		4691787		3414
1208		1100		4695668		3414
1209		1100		4699569		3415
1210		1100		4703474		3415
1211		1100		4707357		3417
1212		1100		4711199		3416
1213		1100		4715088		3417
1214		1100		4718947		3415
1215		1100		4722834		3415
1216		1100		4726723		3415
1217		1098		4730565		3416
1218		1098		4734453		3417
1219		1098		4738376		3419
1220		1098		4742241		3419
1221		1098		4746121		3418
1222		1099		4749944		3418
1223		1099		4753827		3418
1224		1099		4757718		3418
1225		1100		4761576		3420
1226		1101		4765471		3420
1227		1101		4769313		3419
1228		1101		4773209		3420
1229		1101		4777091		3419
1230		1099		4780989		3422
1231		1098		4784812		3423
1232		1092		4788663		3423
1233		1092		4792528		3424
1234		1086		4796375		3425
1235		1084		4800273		3425
1236		1083		4804119		3424
1237		1083		4807971		3425
1238		1083		4811853		3425
1239		1083		4815740		3425
1240		1081		4819617		3425
1241		1080		4823497		3429
1242		1080		4827335		3429
1243		1080		4831221		3427
1244		1080		4835069		3430
1245		1080		4838973		3431
1246		1080		4842855		3428
1247		1080		4846718		3428
1248		1080		4850600		3427
1249		1082		4854433		3427
1250		1082		4858277		3426
1251		1082		4862124		3423
1252		1082		4866029		3425
1253		1080		4869886		3428
1254		1079		4873753		3428
1255		1075		4877619		3430
1256		1076		4881461		3430
1257		1076		4885301		3430
1258		1076		4889178		3432
1259		1074		4893074		3433
1260		1074		4896987		3432
1261		1073		4900844		3433
1262		1073		4904733		3431
1263		1073		4908663		3431
1264		1075		4912562		3429
1265		1075		4916431		3429
1266		1074		4920357		3429
1267		1074		4924252		3430
1268		1074		4928115		3430
1269		1074		4931984		3430
1270		1072		4935841		3432
1271		1072		4939690		3432
1272		1072		4943620		3432
1273		1072		4947499		3433
1274		1072		4951384		3433
1275		1072		4955229		3434
1276		1072		4959109		3433
1277		1072		4963000		3434
1278		1072		4966889		3435
1279		1071		4970742		3436
1280		1071		4974601		3435
1281		1070		4978473		3434
1282		1070		4982333		3433
1283		1066		4986242		3432
1284		1066		4990131		3433
1285		1066		4994031		3434
1286		1066		4997930		3434
1287		1066		5001769		3435
1288		1065		5005635		3434
1289		1065		5009556		3434
1290		1067		5013450		3437
1291		1067		5017280		3438
1292		1061		5021105		3437
1293		1057		5024956		3435
1294		1054		5028860		3434
1295		1054		5032795		3433
1296		1054		5036708		3432
1297		1054		5040607		3431
1298		1054		5044552		3431
1299		1054		5048426		3431
1300		1054		5052297		3431
1301		1054		5056173		3431
1302		1054		5060065		3431
1303		1054		5063965		3433
1304		1054		5067867		3433
1305		1052		5071730		3430
1306		1052		5075566		3430
1307		1052		5079446		3430
1308		1053		5083306		3429
1309		1052		5087169		3429
1310		1052		5091076		3429
1311		1050		5094944		3427
1312		1050		5098835		3426
1313		1049		5102738		3425
1314		1049		5106650		3426
1315		1049		5110550		3426
1316		1049		5114460		3426
1317		1049		5118324		3426
1318		1049		5122242		3426
1319		1047		5126132		3426
1320		1047		5129999		3426
1321		1047		5133895		3426
1322		1049		5137766		3426
1323		1049		5141676		3425
1324		1049		5145599		3425
1325		1049		5149517		3427
1326		1049		5153396		3427
1327		1049		5157280		3427
1328		1048		5161189		3427
1329		1048		5165055		3427
1330		1048		5168921		3427
1331		1049		5172800		3427
1332		1049		5176685		3427
1333		1049		5180543		3427
1334		1047		5184410		3426
1335		1047		5188286		3426
1336		1048		5192165		3426
1337		1048		5196012		3425
1338		1048		5199941		3425
1339		1048		5203860		3426
1340		1046		5207719		3425
1341		1046		5211626		3424
1342		1046		5215469		3423
1343		1046		5219331		3423
1344		1046		5223197		3421
1345		1048		5227047		3421
1346		1048		5230914		3421
1347		1047		5234805		3421
1348		1048		5238709		3421
1349		1048		5242578		3421
1350		1045		5246490		3423
1351		1045		5250383		3423
1352		1045		5254277		3423
1353		1045		5258167		3423
1354		1045		5262053		3423
1355		1045		5265887		3423
1356		1048		5269771		3422
1357		1048		5273618		3422
1358		1048		5277486		3422
1359		1044		5281351		3422
1360		1042		5285248		3421
1361		1042		5289127		3422
1362		1042		5293040		3422
1363		1042		5296900		3422
1364		1043		5300773		3423
1365		1043		5304660		3422
1366		1043		5308545		3420
1367		1043		5312468		3421
1368		1042		5316324		3422
1369		1041		5320188		3423
1370		1041		5324069		3422
1371		1041		5327975		3422
1372		1041		5331850		3422
1373		1041		5335769		3422
1374		1041		5339662		3420
1375		1041		5343576		3420
1376		1041		5347416		3423
1377		1041		5351314		3423
1378		1041		5355165		3424
1379		1041		5359045		3424
1380		1037		5362911		3424
1381		1038		5366795		3424
1382		1038		5370629		3424
1383		1038		5374525		3424
1384		1037		5378385		3424
1385		1037		5382285		3425
1386		1037		5386188		3425
1387		1037		5390076		3425
1388		1037		5393932		3426
1389		1037		5397797		3426
1390		1037		5401652		3426
1391		1037		5405494		3426
1392		1037		5409385		3428
1393		1037		5413285		3428
1394		1037		5417146		3428
1395		1036		5421048		3428
1396		1036		5424951		3428
1397		1036		5428856		3428
1398		1036		5432690		3428
1399		1036		5436566		3428
1400		1036		5440443		3428
1401		1037		5444385		3429
1402		1035		5448242		3428
1403		1035		5452096		3428
1404		1035		5455988		3429
1405		1035		5459877		3429
1406		1035		5463755		3429
1407		1035		5467661		3429
1408		1035		5471562		3429
1409		1035		5475434		3429
1410		1035		5479332		3431
1411		1035		5483198		3431
1412		1037		5487069		3432
1413		1037		5490980		3434
1414		1038		5494924		3433
1415		1038		5498810		3433
1416		1036		5502672		3435
1417		1036		5506523		3435
1418		1036		5510384		3435
1419		1036		5514280		3435
1420		1036		5518091		3436
1421		1036		5521969		3433
1422		1036		5525863		3436
1423		1036		5529690		3436
1424		1037		5533531		3435
1425		1038		5537421		3434
1426		1038		5541276		3434
1427		1038		5545174		3435
1428		1038		5549055		3435
1429		1038		5552933		3435
1430		1038		5556804		3435
1431		1038		5560678		3435
1432		1038		5564512		3433
1433		1038		5568376		3432
1434		1037		5572266		3432
1435		1035		5576209		3432
1436		1035		5580137		3432
1437		1035		5584002		3433
1438		1035		5587873		3433
1439		1035		5591762		3433
1440		1035		5595656		3432
1441		1036		5599557		3432
1442		1036		5603468		3432
1443		1036		5607371		3433
1444		1034		5611240		3433
1445		1032		5615103		3432
1446		1032		5619027		3432
1447		1032		5622898		3432
1448		1032		5626756		3432
1449		1032		5630616		3432
1450		1032		5634503		3434
1451		1032		5638421		3432
1452		1032		5642277		3431
1453		1032		5646156		3433
1454		1032		5650029		3433
1455		1033		5653975		3433
1456		1033		5657892		3433
1457		1033		5661806		3434
1458		1030		5665658		3434
1459		1029		5669521		3433
1460		1029		5673388		3433
1461		1029		5677266		3431
1462		1029		5681148		3431
1463		1029		5685087		3430
1464		1029		5688971		3428
1465		1029		5692824		3428
1466		1029		5696690		3428
1467		1029		5700565		3428
1468		1030		5704447		3427
1469		1030		5708331		3427
1470		1030		5712217		3425
1471		1027		5716104		3424
1472		1027		5719969		3425
1473		1027		5723827		3421
1474		1027		5727712		3421
1475		1025		5731557		3423
1476		1025		5735414		3423
1477		1025		5739303		3422
1478		1025		5743217		3422
1479		1023		5747085		3425
1480		1023		5750946		3426
1481		1023		5754806		3427
1482		1023		5758698		3427
1483		1023		5762589		3427
1484		1025		5766456		3429
1485		1024		5770305		3429
1486		1022		5774153		3433
1487		1022		5777995		3433
1488		1022		5781883		3433
1489		1022		5785765		3433
1490		1022		5789653		3433
1491		1021		5793539		3433
1492		1021		5797444		3433
1493		1021		5801313		3434
1494		1021		5805166		3434
1495		1021		5809056		3434
1496		1021		5812943		3435
1497		1021		5816839		3435
1498		1021		5820687		3435
1499		1021		5824502		3435
1500		1021		5828388		3435
1501		1021		5832242		3434
1502		1021		5836116		3433
1503		1019		5839983		3435
1504		1019		5843873		3435
1505		1019		5847783		3435
1506		1019		5851675		3435
1507		1019		5855560		3435
1508		1019		5859414		3436
1509		1019		5863281		3436
1510		1019		5867120		3436
1511		1019		5871033		3437
1512		1019		5874919		3437
1513		1019		5878792		3437
1514		1019		5882678		3438
1515		1017		5886598		3436
1516		1017		5890441		3436
1517		1017		5894357		3436
1518		1017		5898228		3437
1519		1016		5902132		3439
1520		1016		5906026		3439
1521		1016		5909931		3439
1522		1016		5913771		3440
1523		1016		5917666		3440
1524		1016		5921583		3438
1525		1016		5925492		3438
1526		1016		5929386		3440
1527		1016		5933274		3440
1528		1016		5937133		3440
1529		1015		5941017		3441
1530		1015		5944883		3441
1531		1015		5948744		3444
1532		1015		5952655		3447
1533		1015		5956555		3447
1534		1015		5960384		3447
1535		1015		5964256		3446
1536		1015		5968168		3448
1537		1015		5972010		3448
1538		1015		5975886		3447
1539		1015		5979780		3447
1540		1017		5983700		3448
1541		1017		5987512		3449
1542		1017		5991400		3450
1543		1017		5995300		3450
1544		1017		5999204		3450
1545		1017		6003088		3449
1546		1017		6006986		3449
1547		1017		6010854		3450
1548		1017		6014714		3450
1549		1017		6018628		3448
1550		1017		6022458		3449
1551		1017		6026356		3449
1552		1017		6030205		3451
1553		1017		6034095		3452
1554		1017		6037969		3453
1555		1017		6041868		3454
1556		1017		6045759		3454
1557		1017		6049611		3454
1558		1017		6053535		3455
1559		1017		6057426		3454
1560		1017		6061302		3455
1561		1017		6065165		3453
1562		1016		6069044		3455
1563		1016		6072895		3455
1564		1018		6076749		3455
1565		1018		6080605		3455
1566		1018		6084468		3454
1567		1016		6088357		3455
1568		1016		6092241		3456
1569		1018		6096180		3457
1570		1018		6100091		3458
1571		1018		6103940		3458
1572		1018		6107844		3455
1573		1017		6111761		3453
1574		1016		6115639		3453
1575		1018		6119573		3455
1576		1018		6123461		3453
1577		1018		6127353		3454
1578		1018		6131239		3454
1579		1018		6135133		3453
1580		1018		6139020		3452
1581		1017		6142888		3453
1582		1017		6146774		3452
1583		1017		6150651		3450
1584		1017		6154513		3449
1585		1017		6158403		3449
1586		1017		6162271		3448
1587		1017		6166175		3448
1588		1017		6170072		3448
1589		1017		6173955		3450
1590		1017		6177819		3449
1591		1017		6181660		3448
1592		1017		6185548		3448
1593		1017		6189449		3448
1594		1017		6193301		3447
1595		1018		6197171		3448
1596		1018		6201065		3448
1597		1018		6204926		3447
1598		1018		6208836		3447
1599		1016		6212729		3444
1600		1016		6216606		3445
1601		1016		6220473		3446
1602		1016		6224378		3446
1603		1016		6228277		3446
1604		1016		6232140		3446
1605		1016		6236037		3446
1606		1016		6239895		3446
1607		1016		6243729		3446
1608		1016		6247560		3446
1609		1016		6251459		3448
1610		1017		6255389		3446
1611		1019		6259316		3443
1612		1019		6263216		3444
1613		1019		6267082		3444
1614		1019		6270917		3444
1615		1020		6274750		3445
1616		1020		6278603		3445
1617		1021		6282473		3446
1618		1018		6286344		3445
1619		1019		6290238		3444
1620		1019		6294111		3444
1621		1020		6297943		3444
1622		1020		6301835		3444
1623		1020		6305743		3446
1624		1020		6309603		3447
1625		1018		6313469		3447
1626		1015		6317360		3445
1627		1015		6321201		3445
1628		1013		6325088		3446
1629		1013		6328956		3446
1630		1013		6332839		3446
1631		1013		6336740		3446
1632		1012		6340628		3447
1633		1012		6344516		3447
1634		1012		6348392		3446
1635		1012		6352262		3446
1636		1011		6356093		3447
1637		1011		6360003		3447
1638		1011		6363883		3446
1639		1011		6367767		3446
1640		1013		6371648		3448
1641		1011		6375523		3449
1642		1011		6379386		3447
1643		1011		6383291		3447
1644		1010		6387156		3448
1645		1010		6391034		3448
1646		1010		6394937		3447
1647		1010		6398828		3448
1648		1010		6402721		3448
1649		1007		6406633		3448
1650		1006		6410493		3448
1651		1007		6414336		3449
1652		1007		6418198		3449
1653		1007		6422077		3450
1654		1007		6425989		3450
1655		1007		6429872		3450
1656		1007		6433757		3450
1657		1007		6437683		3450
1658		1007		6441586		3451
1659		1008		6445451		3446
1660		1008		6449315		3446
1661		1008		6453197		3446
1662		1007		6457132		3444
1663		1007		6460999		3444
1664		1007		6464921		3444
1665		1007		6468789		3444
1666		1007		6472665		3445
1667		1007		6476529		3446
1668		1004		6480442		3447
1669		1004		6484348		3450
1670		1000		6488224		3448
1671		1000		6492058		3448
1672		1000		6495916		3447
1673		1000		6499813		3446
1674		1000		6503719		3446
1675		1000		6507600		3445
1676		1000		6511504		3445
1677		1000		6515356		3445
1678		999		6519235		3447
1679		999		6523181		3445
1680		999		6527112		3447
1681		999		6531017		3447
1682		999		6534864		3447
1683		997		6538772		3447
1684		997		6542636		3447
1685		997		6546521		3444
1686		997		6550376		3443
1687		997		6554252		3442
1688		997		6558145		3442
1689		997		6562002		3442
1690		995		6565866		3441
1691		995		6569746		3441
1692		995		6573609		3441
1693		995		6577496		3440
1694		995		6581393		3438
1695		995		6585309		3438
1696		995		6589182		3438
1697		995		6593079		3440
1698		995		6596925		3441
1699		996		6600818		3441
1700		996		6604687		3440
1701		998		6608556		3441
1702		998		6612447		3441
1703		998		6616290		3440
1704		997		6620182		3439
1705		998		6624065		3439
1706		999		6627950		3438
1707		999		6631860		3439
1708		999		6635750		3439
1709		999		6639656		3439
1710		1001		6643549		3440
1711		1001		6647367		3440
1712		1001		6651273		3440
1713		1001		6655130		3440
1714		997		6659023		3441
1715		997		6662920		3441
1716		997		6666804		3443
1717		997		6670733		3442
1718		997		6674574		3442
1719		997		6678457		3441
1720		999		6682358		3438
1721		999		6686239		3438
1722		998		6690132		3438
1723		998		6693993		3437
1724		998		6697889		3437
1725		998		6701745		3436
1726		997		6705654		3437
1727		997		6709547		3438
1728		995		6713438		3440
1729		992		6717319		3439
1730		992		6721198		3439
1731		988		6725094		3442
1732		988		6729002		3442
1733		988		6732888		3442
1734		986		6736841		3441
1735		986		6740719		3441
1736		988		6744572		3442
1737		987		6748479		3444
1738		987		6752358		3444
1739		989		6756251		3445
1740		987		6760159		3446
1741		987		6764074		3446
1742		985		6767960		3444
1743		985		6771829		3444
1744		985		6775743		3444
1745		985		6779642		3444
1746		985		6783541		3444
1747		985		6787372		3441
1748		985		6791247		3441
1749		985		6795170		3442
1750		980		6799125		3443
1751		980		6803044		3443
1752		980		6806981		3442
1753		979		6810852		3439
1754		979		6814722		3437
1755		979		6818602		3435
1756		981		6822444		3435
1757		981		6826319		3433
1758		981		6830188		3434
1759		978		6834056		3433
1760		979		6837912		3432
1761		978		6841815		3434
1762		976		6845653		3434
1763		976		6849537		3434
1764		977		6853380		3435
1765		974		6857221		3435
1766		974		6861108		3435
1767		974		6865007		3435
1768		974		6868897		3437
1769		974		6872786		3437
1770		974		6876655		3437
1771		974		6880533		3437
1772		976		6884444		3440
1773		976		6888336		3441
1774		976		6892243		3441
1775		977		6896156		3440
1776		977		6900055		3440
1777		977		6903974		3440
1778		977		6907838		3439
1779		977		6911752		3440
1780		977		6915653		3440
1781		977		6919488		3440
1782		977		6923382		3438
1783		977		6927262		3436
1784		977		6931120		3434
1785		979		6935001		3437
1786		981		6938865		3438
1787		981		6942787		3437
1788		981		6946720		3436
1789		981		6950617		3436
1790		981		6954478		3437
1791		981		6958339		3436
1792		979		6962187		3434
1793		979		6966073		3434
1794		979		6969947		3434
1795		979		6973818		3433
1796		979		6977691		3433
1797		979		6981573		3432
1798		981		6985422		3430
1799		981		6989330		3430
1800		981		6993196		3431
1801		981		6997092		3430
1802		979		7000975		3431
1803		979		7004887		3431
1804		977		7008797		3431
1805		977		7012684		3431
1806		977		7016540		3432
1807		977		7020446		3432
1808		977		7024294		3432
1809		977		7028148		3433
1810		977		7031962		3435
1811		974		7035817		3435
1812		974		7039694		3434
1813		974		7043563		3434
1814		974		7047427		3436
1815		974		7051362		3436
1816		974		7055265		3436
1817		974		7059157		3436
1818		974		7063042		3435
1819		974		7066930		3435
1820		974		7070800		3434
1821		974		7074637		3432
1822		974		7078512		3432
1823		974		7082429		3433
1824		977		7086312		3434
1825		977		7090162		3433
1826		977		7094049		3433
1827		975		7097958		3433
1828		975		7101821		3433
1829		975		7105741		3435
1830		975		7109618		3435
1831		972		7113496		3433
1832		972		7117405		3433
1833		971		7121277		3430
1834		971		7125167		3430
1835		971		7129047		3430
1836		971		7132937		3430
1837		969		7136884		3432
1838		969		7140760		3429
1839		969		7144622		3429
1840		969		7148486		3430
1841		969		7152372		3430
1842		969		7156245		3430
1843		969		7160096		3429
1844		968		7163973		3430
1845		967		7167828		3432
1846		967		7171732		3432
1847		967		7175583		3432
1848		967		7179486		3431
1849		967		7183400		3433
1850		967		7187277		3432
1851		967		7191119		3432
1852		967		7195001		3432
1853		967		7198857		3432
1854		967		7202721		3432
1855		965		7206598		3432
1856		965		7210450		3432
1857		965		7214338		3433
1858		965		7218199		3433
1859		965		7222101		3433
1860		964		7226020		3432
1861		964		7229870		3431
1862		964		7233753		3431
1863		961		7237652		3434
1864		961		7241522		3435
1865		961		7245380		3437
1866		961		7249243		3437
1867		961		7253143		3437
1868		961		7257049		3437
1869		959		7260976		3437
1870		959		7264868		3438
1871		959		7268746		3438
1872		959		7272629		3440
1873		959		7276502		3440
1874		959		7280337		3440
1875		959		7284190		3439
1876		960		7288095		3438
1877		960		7291940		3438
1878		960		7295838		3438
1879		960		7299743		3438
1880		960		7303616		3437
1881		960		7307496		3438
1882		960		7311374		3438
1883		960		7315244		3438
1884		960		7319146		3438
1885		960		7323050		3438
1886		960		7326950		3438
1887		960		7330817		3437
1888		960		7334727		3437
1889		960		7338608		3435
1890		960		7342511		3435
1891		960		7346440		3435
1892		960		7350287		3436
1893		960		7354178		3436
1894		960		7358079		3436
1895		957		7361942		3436
1896		957		7365861		3436
1897		957		7369722		3437
1898		957		7373611		3437
1899		957		7377515		3438
1900		957		7381406		3438
1901		957		7385298		3435
1902		957		7389156		3434
1903		957		7393000		3432
1904		957		7396903		3432
1905		957		7400757		3431
1906		957		7404621		3431
1907		957		7408507		3431
1908		957		7412368		3431
1909		957		7416225		3431
1910		957		7420062		3431
1911		957		7423935		3433
1912		957		7427853		3433
1913		957		7431686		3435
1914		957		7435579		3437
1915		955		7439445		3436
1916		955		7443343		3436
1917		955		7447208		3436
1918		955		7451073		3436
1919		955		7454979		3436
1920		955		7458873		3436
1921		955		7462737		3434
1922		955		7466645		3434
1923		955		7470541		3434
1924		954		7474462		3433
1925		954		7478387		3432
1926		954		7482258		3434
1927		954		7486145		3434
1928		954		7490029		3434
1929		954		7493919		3434
1930		954		7497791		3434
1931		954		7501618		3437
1932		954		7505514		3438
1933		954		7509410		3438
1934		954		7513331		3438
1935		954		7517197		3438
1936		954		7521113		3438
1937		954		7524997		3438
1938		954		7528850		3436
1939		954		7532725		3437
1940		954		7536608		3438
1941		954		7540483		3438
1942		954		7544382		3436
1943		954		7548247		3435
1944		956		7552082		3435
1945		956		7555977		3434
1946		956		7559876		3434
1947		956		7563761		3434
1948		956		7567639		3434
1949		955		7571476		3434
1950		955		7575336		3434
1951		955		7579224		3434
1952		955		7583140		3434
1953		955		7587013		3432
1954		956		7590918		3434
1955		956		7594799		3432
1956		956		7598682		3432
1957		958		7602632		3432
1958		958		7606517		3432
1959		958		7610381		3432
1960		958		7614286		3430
1961		958		7618194		3432
1962		958		7622056		3432
1963		956		7625941		3434
1964		956		7629815		3434
1965		956		7633704		3434
1966		956		7637562		3434
1967		956		7641452		3434
1968		956		7645333		3434
1969		956		7649225		3436
1970		956		7653098		3437
1971		956		7656973		3436
1972		954		7660850		3435
1973		954		7664769		3437
1974		954		7668601		3437
1975		954		7672472		3435
1976		954		7676385		3438
1977		954		7680265		3437
1978		954		7684139		3437
1979		954		7688025		3436
1980		956		7691882		3434
1981		956		7695726		3434
1982		956		7699557		3436
1983		956		7703418		3435
1984		956		7707292		3434
1985		956		7711159		3434
1986		957		7715022		3433
1987		957		7718900		3433
1988		957		7722788		3436
1989		957		7726631		3436
1990		956		7730516		3436
1991		956		7734410		3434
1992		956		7738277		3435
1993		956		7742206		3435
1994		956		7746134		3435
1995		956		7750026		3435
1996		955		7753876		3435
1997		955		7757752		3435
1998		955		7761642		3437
1999		955		7765477		3437
