# Migration is number of nodes that have changed color.

Round		Edge-Cut		Swaps		Migrations		Skipped
0		6321		4371		2577
1		5285		8555		2851
2		4765		12646		2986
3		4302		16635		3052
4		4059		20649		3079
5		3820		24651		3070
6		3635		28580		3101
7		3498		32520		3096
8		3386		36482		3108
9		3277		40426		3120
10		3212		44373		3138
11		3147		48329		3139
12		3087		52272		3134
13		3025		56220		3141
14		2976		60120		3135
15		2946		63997		3158
16		2902		67901		3159
17		2866		71765		3172
18		2843		75637		3171
19		2819		79521		3169
20		2801		83433		3173
21		2782		87296		3178
22		2744		91183		3186
23		2722		95099		3190
24		2701		98998		3195
25		2666		102922		3202
26		2647		106811		3207
27		2625		110711		3206
28		2596		114635		3204
29		2581		118542		3209
30		2566		122438		3211
31		2546		126344		3217
32		2518		130234		3225
33		2500		134137		3230
34		2489		138004		3239
35		2475		141918		3233
36		2466		145746		3231
37		2443		149550		3231
38		2436		153444		3226
39		2425		157360		3224
40		2411		161257		3233
41		2394		165128		3234
42		2386		169036		3237
43		2364		172942		3230
44		2360		176880		3234
45		2341		180770		3236
46		2330		184690		3235
47		2312		188575		3237
48		2303		192508		3238
49		2296		196393		3239
50		2288		200240		3246
51		2279		204164		3248
52		2271		208043		3250
53		2270		211922		3245
54		2263		215809		3252
55		2257		219707		3253
56		2254		223605		3254
57		2249		227527		3255
58		2243		231415		3260
59		2230		235302		3261
60		2224		239184		3258
61		2211		243090		3251
62		2197		246965		3259
63		2189		250828		3260
64		2183		254701		3265
65		2177		258606		3263
66		2170		262491		3257
67		2161		266392		3257
68		2155		270273		3256
69		2152		274211		3260
70		2141		278108		3266
71		2135		282031		3265
72		2133		285954		3263
73		2123		289879		3264
74		2119		293777		3268
75		2106		297697		3269
76		2102		301635		3270
77		2103		305529		3272
78		2095		309416		3273
79		2093		313254		3278
80		2087		317153		3282
81		2087		321004		3284
82		2080		324907		3283
83		2082		328826		3285
84		2077		332719		3284
85		2071		336609		3290
86		2068		340472		3300
87		2067		344380		3301
88		2063		348261		3300
89		2053		352153		3299
90		2051		356113		3301
91		2049		359962		3304
92		2044		363797		3299
93		2039		367739		3301
94		2032		371653		3301
95		2028		375527		3301
96		2023		379465		3302
97		2006		383357		3301
98		2001		387247		3302
99		1998		391112		3301
100		1997		395000		3298
101		1992		398857		3302
102		1988		402729		3305
103		1983		406597		3304
104		1981		410493		3303
105		1975		414408		3303
106		1971		418286		3310
107		1966		422195		3310
108		1964		426078		3310
109		1960		429973		3311
110		1958		433874		3310
111		1956		437750		3309
112		1951		441605		3312
113		1946		445420		3315
114		1941		449333		3316
115		1939		453217		3313
116		1925		457099		3317
117		1921		460967		3318
118		1916		464781		3320
119		1914		468648		3322
120		1912		472559		3325
121		1902		476511		3327
122		1892		480381		3327
123		1886		484287		3327
124		1890		488189		3324
125		1884		492098		3327
126		1876		496001		3327
127		1875		499862		3330
128		1870		503729		3330
129		1867		507610		3336
130		1867		511461		3335
131		1855		515347		3333
132		1850		519271		3328
133		1848		523152		3331
134		1845		527083		3329
135		1837		530954		3333
136		1838		534798		3332
137		1828		538646		3333
138		1825		542527		3333
139		1824		546418		3332
140		1816		550278		3329
141		1811		554189		3331
142		1808		558048		3330
143		1808		561921		3328
144		1807		565812		3330
145		1804		569659		3328
146		1804		573551		3330
147		1801		577427		3328
148		1801		581338		3328
149		1799		585182		3328
150		1796		589099		3327
151		1792		592935		3324
152		1788		596838		3323
153		1787		600757		3322
154		1783		604627		3323
155		1780		608517		3327
156		1770		612387		3328
157		1764		616283		3333
158		1763		620149		3330
159		1764		624095		3328
160		1760		628003		3330
161		1755		631908		3332
162		1754		635822		3336
163		1752		639748		3334
164		1749		643603		3331
165		1747		647496		3331
166		1745		651386		3334
167		1742		655309		3337
168		1736		659184		3333
169		1731		663079		3334
170		1732		666974		3336
171		1732		670867		3341
172		1728		674825		3344
173		1726		678747		3345
174		1727		682601		3349
175		1721		686469		3344
176		1713		690362		3335
177		1715		694237		3335
178		1710		698129		3333
179		1707		701979		3335
180		1706		705862		3339
181		1706		709750		3338
182		1702		713672		3339
183		1702		717571		3342
184		1696		721451		3339
185		1696		725344		3339
186		1694		729211		3338
187		1692		733144		3338
188		1690		737016		3339
189		1682		740873		3339
190		1679		744751		3339
191		1676		748614		3340
192		1672		752504		3342
193		1668		756364		3343
194		1668		760252		3343
195		1666		764084		3345
196		1659		767961		3344
197		1656		771797		3343
198		1654		775628		3341
199		1643		779510		3340
200		1637		783378		3340
201		1634		787276		3344
202		1635		791150		3344
203		1635		795063		3344
204		1635		798945		3342
205		1632		802813		3344
206		1631		806695		3343
207		1626		810528		3341
208		1625		814454		3344
209		1622		818324		3345
210		1620		822235		3346
211		1621		826139		3346
212		1621		830061		3344
213		1621		833924		3341
214		1621		837793		3341
215		1619		841637		3342
216		1616		845481		3337
217		1618		849363		3342
218		1618		853188		3345
219		1615		857098		3342
220		1615		861002		3345
221		1612		864904		3343
222		1611		868820		3342
223		1614		872726		3346
224		1614		876614		3346
225		1615		880511		3347
226		1612		884457		3347
227		1612		888350		3350
228		1607		892222		3356
229		1607		896160		3356
230		1606		900080		3356
231		1597		903964		3353
232		1590		907798		3352
233		1588		911696		3353
234		1581		915593		3358
235		1581		919517		3359
236		1581		923381		3360
237		1580		927220		3360
238		1581		931087		3356
239		1577		934936		3355
240		1575		938780		3357
241		1571		942654		3355
242		1568		946567		3356
243		1567		950471		3355
244		1563		954376		3351
245		1563		958278		3355
246		1558		962150		3355
247		1555		966016		3356
248		1554		969857		3351
249		1555		973697		3348
250		1553		977567		3351
251		1552		981441		3350
252		1553		985302		3347
253		1553		989188		3347
254		1553		993066		3345
255		1550		996991		3345
256		1544		1000879		3344
257		1538		1004756		3347
258		1528		1008635		3346
259		1526		1012530		3344
260		1526		1016393		3344
261		1527		1020262		3346
262		1522		1024185		3347
263		1518		1028083		3350
264		1518		1031939		3349
265		1510		1035847		3350
266		1509		1039683		3351
267		1503		1043526		3351
268		1504		1047403		3346
269		1501		1051297		3346
270		1499		1055125		3347
271		1498		1058982		3350
272		1496		1062829		3352
273		1496		1066740		3355
274		1494		1070589		3361
275		1494		1074465		3363
276		1495		1078364		3363
277		1489		1082279		3368
278		1486		1086186		3370
279		1484		1090083		3369
280		1484		1093968		3370
281		1485		1097837		3371
282		1485		1101724		3373
283		1485		1105592		3372
284		1481		1109487		3372
285		1481		1113373		3372
286		1478		1117282		3370
287		1475		1121136		3368
288		1475		1125039		3365
289		1474		1128865		3363
290		1472		1132738		3363
291		1472		1136625		3364
292		1472		1140488		3364
293		1473		1144341		3366
294		1473		1148208		3366
295		1468		1152096		3365
296		1466		1155992		3366
297		1466		1159901		3366
298		1466		1163807		3364
299		1464		1167675		3363
300		1464		1171565		3364
301		1464		1175443		3362
302		1464		1179358		3361
303		1464		1183226		3361
304		1463		1187127		3360
305		1462		1191065		3360
306		1462		1194936		3360
307		1462		1198769		3360
308		1461		1202658		3357
309		1461		1206578		3357
310		1461		1210437		3360
311		1457		1214312		3362
312		1457		1218180		3363
313		1458		1222046		3365
314		1452		1225930		3362
315		1452		1229805		3362
316		1452		1233670		3365
317		1452		1237535		3366
318		1450		1241432		3363
319		1450		1245309		3364
320		1450		1249223		3363
321		1450		1253141		3364
322		1450		1257034		3366
323		1445		1260912		3367
324		1441		1264782		3368
325		1440		1268619		3368
326		1444		1272493		3368
327		1445		1276359		3370
328		1445		1280276		3372
329		1445		1284170		3371
330		1442		1288075		3369
331		1441		1292019		3371
332		1441		1295941		3372
333		1437		1299823		3370
334		1437		1303700		3370
335		1439		1307573		3368
336		1433		1311500		3371
337		1432		1315372		3369
338		1427		1319239		3369
339		1425		1323176		3369
340		1422		1327041		3369
341		1422		1330913		3370
342		1419		1334777		3368
343		1419		1338666		3368
344		1419		1342528		3372
345		1419		1346395		3372
346		1418		1350345		3369
347		1418		1354236		3367
348		1418		1358106		3366
349		1418		1361974		3364
350		1416		1365833		3359
351		1417		1369752		3360
352		1417		1373622		3361
353		1417		1377525		3360
354		1416		1381361		3362
355		1416		1385253		3363
356		1416		1389123		3363
357		1414		1392989		3363
358		1414		1396829		3366
359		1414		1400680		3366
360		1414		1404541		3365
361		1413		1408423		3361
362		1413		1412314		3360
363		1412		1416189		3365
364		1409		1420053		3364
365		1409		1423946		3362
366		1408		1427843		3361
367		1408		1431705		3361
368		1408		1435547		3360
369		1408		1439401		3360
370		1408		1443303		3360
371		1408		1447194		3360
372		1403		1451096		3358
373		1401		1454968		3359
374		1401		1458883		3359
375		1399		1462761		3359
376		1400		1466617		3360
377		1401		1470472		3358
378		1402		1474338		3358
379		1400		1478225		3357
380		1400		1482148		3357
381		1400		1485951		3356
382		1397		1489800		3358
383		1397		1493674		3360
384		1397		1497556		3360
385		1397		1501417		3358
386		1397		1505261		3357
387		1395		1509116		3357
388		1391		1512999		3358
389		1386		1516880		3358
390		1386		1520762		3360
391		1384		1524658		3361
392		1384		1528527		3362
393		1384		1532405		3361
394		1383		1536254		3362
395		1385		1540172		3362
396		1385		1544072		3361
397		1383		1547982		3361
398		1383		1551870		3362
399		1382		1555715		3363
400		1382		1559620		3363
401		1381		1563497		3364
402		1382		1567426		3362
403		1380		1571344		3365
404		1379		1575206		3365
405		1379		1579097		3365
406		1379		1582992		3365
407		1379		1586854		3366
408		1379		1590773		3368
409		1378		1594658		3368
410		1378		1598506		3371
411		1378		1602407		3371
412		1379		1606235		3371
413		1377		1610164		3373
414		1377		1614007		3372
415		1378		1617927		3371
416		1378		1621757		3371
417		1373		1625640		3372
418		1374		1629545		3373
419		1370		1633419		3370
420		1370		1637302		3371
421		1368		1641210		3369
422		1367		1645084		3367
423		1365		1648947		3368
424		1365		1652786		3364
425		1365		1656655		3364
426		1365		1660573		3363
427		1363		1664490		3361
428		1361		1668342		3358
429		1360		1672208		3355
430		1357		1676094		3352
431		1356		1679960		3354
432		1356		1683852		3354
433		1358		1687708		3354
434		1358		1691618		3353
435		1357		1695571		3353
436		1356		1699429		3356
437		1355		1703319		3360
438		1350		1707165		3363
439		1349		1711084		3359
440		1349		1714967		3358
441		1349		1718820		3359
442		1346		1722649		3362
443		1348		1726535		3361
444		1344		1730384		3362
445		1346		1734224		3364
446		1346		1738100		3362
447		1346		1741974		3362
448		1346		1745837		3363
449		1346		1749708		3365
450		1344		1753575		3366
451		1343		1757432		3363
452		1345		1761275		3363
453		1343		1765139		3365
454		1340		1768994		3363
455		1340		1772867		3364
456		1337		1776744		3363
457		1338		1780612		3362
458		1336		1784508		3359
459		1336		1788413		3358
460		1335		1792306		3359
461		1334		1796222		3360
462		1332		1800084		3361
463		1332		1804028		3363
464		1329		1807956		3363
465		1329		1811900		3363
466		1329		1815769		3361
467		1327		1819630		3362
468		1326		1823482		3361
469		1326		1827383		3361
470		1324		1831278		3360
471		1320		1835170		3364
472		1320		1839039		3363
473		1320		1842944		3362
474		1320		1846814		3359
475		1318		1850692		3356
476		1317		1854528		3355
477		1315		1858406		3351
478		1315		1862246		3351
479		1314		1866101		3356
480		1316		1870007		3360
481		1314		1873887		3358
482		1313		1877716		3358
483		1314		1881616		3359
484		1314		1885508		3359
485		1311		1889396		3359
486		1311		1893291		3361
487		1312		1897176		3358
488		1312		1901043		3357
489		1311		1904944		3357
490		1308		1908822		3359
491		1308		1912704		3358
492		1308		1916592		3358
493		1308		1920493		3358
494		1305		1924378		3359
495		1308		1928230		3360
496		1308		1932080		3360
497		1305		1936020		3362
498		1303		1939922		3362
499		1303		1943843		3361
500		1304		1947743		3362
501		1302		1951645		3361
502		1302		1955474		3361
503		1302		1959358		3361
504		1300		1963241		3360
505		1300		1967143		3362
506		1300		1971014		3361
507		1300		1974895		3359
508		1300		1978779		3359
509		1300		1982629		3358
510		1302		1986502		3358
511		1302		1990366		3361
512		1302		1994257		3359
513		1302		1998191		3359
514		1302		2002115		3362
515		1300		2006037		3365
516		1299		2009933		3364
517		1299		2013787		3364
518		1299		2017633		3364
519		1299		2021522		3365
520		1302		2025383		3366
521		1302		2029299		3367
522		1302		2033154		3368
523		1303		2037054		3369
524		1303		2040921		3370
525		1305		2044780		3370
526		1305		2048658		3370
527		1305		2052540		3372
528		1305		2056455		3370
529		1305		2060316		3370
530		1306		2064241		3372
531		1306		2068131		3372
532		1307		2072040		3372
533		1305		2075918		3374
534		1304		2079820		3373
535		1303		2083729		3373
536		1303		2087640		3373
537		1297		2091540		3371
538		1296		2095422		3371
539		1296		2099307		3372
540		1298		2103183		3376
541		1295		2107064		3378
542		1291		2110939		3379
543		1289		2114763		3382
544		1291		2118617		3379
545		1284		2122522		3377
546		1284		2126389		3378
547		1281		2130273		3376
548		1281		2134144		3376
549		1281		2138036		3376
550		1279		2141905		3377
551		1276		2145827		3378
552		1277		2149707		3382
553		1276		2153596		3380
554		1276		2157475		3379
555		1274		2161391		3378
556		1274		2165262		3378
557		1274		2169125		3375
558		1271		2172997		3377
559		1269		2176846		3379
560		1270		2180743		3381
561		1272		2184576		3383
562		1272		2188458		3382
563		1272		2192396		3382
564		1274		2196282		3383
565		1274		2200141		3383
566		1274		2204020		3379
567		1273		2207862		3379
568		1270		2211782		3379
569		1270		2215641		3380
570		1270		2219539		3380
571		1270		2223477		3383
572		1268		2227343		3384
573		1268		2231186		3385
574		1268		2235091		3384
575		1267		2239004		3381
576		1267		2242843		3382
577		1267		2246715		3380
578		1267		2250586		3380
579		1268		2254447		3380
580		1265		2258344		3380
581		1265		2262242		3381
582		1265		2266124		3381
583		1265		2269993		3380
584		1261		2273902		3380
585		1261		2277765		3380
586		1260		2281646		3381
587		1255		2285530		3384
588		1255		2289431		3384
589		1252		2293303		3384
590		1249		2297175		3386
591		1249		2301045		3386
592		1249		2304905		3385
593		1246		2308752		3385
594		1243		2312606		3385
595		1240		2316498		3386
596		1240		2320452		3388
597		1240		2324331		3388
598		1235		2328233		3389
599		1235		2332110		3389
600		1235		2335940		3388
601		1235		2339831		3386
602		1234		2343696		3387
603		1233		2347535		3386
604		1233		2351399		3383
605		1233		2355330		3384
606		1233		2359236		3385
607		1231		2363113		3385
608		1231		2367047		3383
609		1231		2370962		3385
610		1231		2374830		3386
611		1232		2378738		3385
612		1232		2382608		3385
613		1232		2386448		3384
614		1232		2390347		3378
615		1231		2394219		3375
616		1231		2398081		3375
617		1231		2401944		3374
618		1231		2405823		3375
619		1229		2409749		3376
620		1229		2413599		3377
621		1229		2417483		3376
622		1229		2421384		3376
623		1228		2425255		3376
624		1228		2429150		3375
625		1226		2433031		3377
626		1220		2436934		3370
627		1220		2440833		3370
628		1220		2444730		3372
629		1222		2448633		3376
630		1217		2452505		3375
631		1220		2456343		3374
632		1220		2460238		3372
633		1220		2464124		3372
634		1220		2467984		3374
635		1220		2471845		3374
636		1220		2475744		3374
637		1220		2479618		3374
638		1220		2483491		3374
639		1220		2487383		3375
640		1219		2491298		3377
641		1219		2495206		3377
642		1216		2499063		3378
643		1213		2502930		3379
644		1211		2506821		3379
645		1210		2510674		3377
646		1210		2514566		3378
647		1210		2518432		3379
648		1211		2522277		3382
649		1211		2526148		3379
650		1211		2530004		3377
651		1211		2533890		3377
652		1212		2537778		3376
653		1212		2541677		3375
654		1212		2545564		3375
655		1212		2549483		3375
656		1212		2553360		3376
657		1212		2557227		3378
658		1210		2561123		3378
659		1210		2564994		3378
660		1210		2568907		3379
661		1209		2572774		3377
662		1207		2576632		3378
663		1206		2580503		3379
664		1207		2584374		3383
665		1205		2588268		3383
666		1205		2592100		3384
667		1205		2595930		3386
668		1205		2599811		3385
669		1203		2603661		3383
670		1203		2607563		3383
671		1203		2611456		3383
672		1201		2615320		3382
673		1203		2619189		3381
674		1203		2623079		3380
675		1203		2626925		3381
676		1200		2630831		3382
677		1197		2634735		3381
678		1197		2638618		3381
679		1197		2642508		3382
680		1196		2646406		3385
681		1196		2650232		3385
682		1196		2654051		3385
683		1196		2657917		3385
684		1193		2661797		3385
685		1191		2665642		3384
686		1191		2669566		3384
687		1191		2673451		3384
688		1191		2677310		3382
689		1191		2681208		3382
690		1189		2685073		3382
691		1188		2688932		3379
692		1188		2692801		3379
693		1188		2696665		3380
694		1188		2700541		3378
695		1189		2704472		3377
696		1189		2708362		3376
697		1187		2712250		3378
698		1183		2716124		3378
699		1185		2720028		3379
700		1185		2723944		3377
701		1185		2727810		3377
702		1185		2731732		3376
703		1182		2735615		3374
704		1182		2739507		3376
705		1182		2743413		3376
706		1182		2747243		3376
707		1182		2751126		3377
708		1182		2755036		3377
709		1182		2758929		3379
710		1181		2762829		3381
711		1181		2766700		3382
712		1181		2770598		3381
713		1183		2774480		3381
714		1182		2778342		3381
715		1184		2782201		3382
716		1182		2786091		3378
717		1178		2789989		3376
718		1178		2793899		3375
719		1178		2797775		3375
720		1178		2801660		3373
721		1178		2805486		3373
722		1178		2809300		3374
723		1178		2813150		3374
724		1178		2817030		3374
725		1178		2820911		3375
726		1178		2824790		3375
727		1178		2828688		3375
728		1179		2832555		3376
729		1177		2836460		3375
730		1174		2840358		3376
731		1174		2844221		3376
732		1174		2848091		3374
733		1174		2852002		3374
734		1174		2855870		3374
735		1174		2859771		3374
736		1174		2863681		3374
737		1174		2867529		3379
738		1174		2871409		3379
739		1175		2875316		3378
740		1175		2879211		3376
741		1173		2883112		3375
742		1173		2887004		3374
743		1173		2890892		3374
744		1173		2894796		3374
745		1172		2898713		3373
746		1172		2902603		3373
747		1170		2906461		3372
748		1172		2910368		3372
749		1173		2914238		3371
750		1173		2918102		3371
751		1172		2921993		3370
752		1169		2925901		3373
753		1170		2929752		3373
754		1171		2933607		3374
755		1169		2937510		3375
756		1168		2941428		3375
757		1168		2945312		3375
758		1168		2949183		3378
759		1170		2953081		3378
760		1168		2956982		3377
761		1168		2960888		3377
762		1168		2964775		3378
763		1168		2968687		3380
764		1166		2972574		3379
765		1166		2976431		3380
766		1166		2980342		3379
767		1166		2984225		3380
768		1166		2988159		3380
769		1166		2992060		3380
770		1166		2995936		3379
771		1163		2999823		3380
772		1162		3003765		3382
773		1162		3007671		3382
774		1162		3011532		3381
775		1158		3015406		3381
776		1158		3019309		3382
777		1158		3023192		3381
778		1158		3027056		3381
779		1158		3030951		3381
780		1158		3034804		3381
781		1157		3038640		3380
782		1156		3042504		3381
783		1156		3046385		3383
784		1156		3050261		3385
785		1156		3054115		3384
786		1156		3058001		3385
787		1156		3061876		3385
788		1156		3065736		3385
789		1157		3069589		3385
790		1157		3073445		3385
791		1155		3077304		3384
792		1156		3081178		3385
793		1156		3084976		3384
794		1156		3088851		3383
795		1156		3092746		3382
796		1156		3096646		3382
797		1155		3100455		3381
798		1155		3104318		3381
799		1152		3108217		3383
800		1148		3112067		3387
801		1148		3115992		3387
802		1144		3119858		3386
803		1144		3123715		3384
804		1144		3127551		3384
805		1144		3131435		3384
806		1144		3135305		3386
807		1144		3139175		3387
808		1144		3143014		3388
809		1145		3146920		3390
810		1145		3150820		3390
811		1145		3154717		3390
812		1145		3158558		3390
813		1143		3162462		3390
814		1143		3166376		3393
815		1143		3170266		3393
816		1143		3174158		3395
817		1143		3178057		3394
818		1143		3181931		3395
819		1143		3185852		3395
820		1142		3189742		3396
821		1142		3193630		3396
822		1143		3197459		3397
823		1143		3201325		3397
824		1143		3205210		3397
825		1143		3209064		3397
826		1141		3212914		3399
827		1140		3216813		3399
828		1140		3220696		3400
829		1140		3224556		3400
830		1138		3228476		3397
831		1138		3232308		3396
832		1136		3236164		3396
833		1136		3240042		3397
834		1136		3243913		3396
835		1136		3247863		3395
836		1136		3251774		3396
837		1136		3255626		3396
838		1138		3259529		3398
839		1138		3263392		3400
840		1142		3267250		3401
841		1139		3271138		3398
842		1138		3275024		3396
843		1138		3278920		3395
844		1139		3282767		3396
845		1139		3286716		3396
846		1137		3290623		3400
847		1137		3294495		3400
848		1137		3298412		3400
849		1137		3302272		3400
850		1136		3306171		3401
851		1136		3310101		3400
852		1136		3313971		3405
853		1135		3317834		3406
854		1135		3321676		3406
855		1135		3325550		3406
856		1135		3329407		3406
857		1135		3333254		3407
858		1133		3337125		3406
859		1133		3341022		3406
860		1133		3344930		3404
861		1133		3348759		3405
862		1133		3352670		3405
863		1134		3356531		3403
864		1131		3360403		3404
865		1131		3364265		3404
866		1131		3368177		3404
867		1131		3372049		3405
868		1131		3375917		3405
869		1131		3379773		3404
870		1130		3383646		3405
871		1130		3387546		3405
872		1132		3391432		3404
873		1132		3395288		3403
874		1132		3399154		3403
875		1133		3402999		3400
876		1133		3406912		3400
877		1133		3410826		3401
878		1133		3414692		3401
879		1133		3418532		3404
880		1133		3422417		3404
881		1132		3426277		3404
882		1132		3430162		3404
883		1132		3434041		3405
884		1132		3437891		3405
885		1131		3441755		3405
886		1131		3445669		3407
887		1131		3449580		3407
888		1131		3453456		3405
889		1129		3457354		3404
890		1129		3461219		3405
891		1127		3465075		3406
892		1127		3468919		3408
893		1127		3472793		3408
894		1127		3476664		3405
895		1125		3480552		3408
896		1125		3484379		3409
897		1125		3488293		3407
898		1125		3492169		3403
899		1127		3495996		3400
900		1127		3499864		3404
901		1127		3503742		3404
902		1127		3507611		3404
903		1129		3511451		3404
904		1127		3515336		3403
905		1127		3519228		3403
906		1124		3523080		3403
907		1124		3526987		3404
908		1124		3530847		3406
909		1124		3534699		3405
910		1124		3538594		3405
911		1123		3542484		3404
912		1122		3546360		3404
913		1122		3550216		3402
914		1122		3554093		3402
915		1122		3557957		3401
916		1121		3561843		3400
917		1121		3565693		3402
918		1121		3569573		3399
919		1123		3573458		3399
920		1123		3577374		3397
921		1123		3581274		3397
922		1123		3585157		3397
923		1123		3589014		3396
924		1123		3592915		3398
925		1123		3596723		3397
926		1123		3600614		3398
927		1123		3604464		3399
928		1123		3608342		3400
929		1119		3612216		3401
930		1119		3616089		3399
931		1119		3619992		3398
932		1119		3623838		3398
933		1119		3627733		3398
934		1116		3631597		3398
935		1115		3635473		3398
936		1115		3639312		3399
937		1115		3643201		3399
938		1115		3647118		3399
939		1117		3650968		3399
940		1117		3654884		3399
941		1117		3658775		3398
942		1117		3662647		3396
943		1117		3666597		3397
944		1115		3670481		3399
945		1115		3674343		3399
946		1115		3678265		3402
947		1115		3682170		3402
948		1115		3686043		3402
949		1115		3689908		3403
950		1115		3693760		3403
951		1115		3697606		3403
952		1115		3701467		3402
953		1115		3705376		3402
954		1115		3709278		3402
955		1115		3713183		3403
956		1115		3717053		3403
957		1115		3720931		3403
958		1115		3724812		3404
959		1115		3728685		3405
960		1116		3732561		3404
961		1116		3736451		3405
962		1116		3740355		3404
963		1113		3744244		3402
964		1113		3748122		3401
965		1111		3751959		3400
966		1111		3755869		3400
967		1111		3759705		3398
968		1109		3763572		3398
969		1105		3767438		3398
970		1105		3771338		3397
971		1105		3775192		3397
972		1104		3779090		3398
973		1104		3782992		3398
974		1104		3786908		3398
975		1104		3790799		3398
976		1106		3794677		3400
977		1106		3798499		3399
978		1104		3802392		3402
979		1104		3806256		3401
980		1104		3810107		3401
981		1104		3813993		3402
982		1104		3817928		3403
983		1104		3821848		3399
984		1104		3825732		3401
985		1104		3829664		3400
986		1104		3833518		3400
987		1104		3837393		3400
988		1104		3841291		3401
989		1104		3845143		3401
990		1104		3848979		3402
991		1104		3852873		3402
992		1104		3856762		3404
993		1104		3860623		3404
994		1104		3864476		3404
995		1104		3868350		3404
996		1104		3872249		3407
997		1104		3876121		3407
998		1104		3879942		3408
999		1107		3883855		3407
1000		1107		3887753		3407
1001		1107		3891667		3405
1002		1107		3895587		3407
1003		1106		3899497		3409
1004		1106		3903349		3408
1005		1105		3907178		3408
1006		1105		3911091		3408
1007		1101		3914988		3410
1008		1101		3918858		3410
1009		1101		3922683		3410
1010		1101		3926561		3409
1011		1101		3930431		3408
1012		1099		3934330		3409
1013		1099		3938212		3408
1014		1099		3942086		3409
1015		1099		3945933		3409
1016		1100		3949829		3408
1017		1100		3953760		3408
1018		1097		3957623		3412
1019		1097		3961476		3411
1020		1094		3965317		3411
1021		1092		3969218		3412
1022		1091		3973062		3412
1023		1091		3976943		3412
1024		1091		3980824		3411
1025		1090		3984721		3411
1026		1090		3988641		3411
1027		1090		3992524		3410
1028		1090		3996405		3410
1029		1090		4000276		3410
1030		1090		4004161		3412
1031		1090		4008039		3411
1032		1090		4011929		3412
1033		1090		4015833		3411
1034		1090		4019718		3411
1035		1089		4023620		3408
1036		1089		4027535		3407
1037		1089		4031408		3408
1038		1089		4035302		3410
1039		1089		4039178		3410
1040		1088		4043047		3411
1041		1087		4046905		3414
1042		1087		4050795		3414
1043		1087		4054675		3414
1044		1087		4058589		3413
1045		1087		4062461		3411
1046		1086		4066380		3412
1047		1087		4070263		3412
1048		1087		4074153		3412
1049		1087		4078030		3413
1050		1087		4081915		3413
1051		1087		4085790		3413
1052		1087		4089680		3413
1053		1087		4093539		3415
1054		1087		4097449		3411
1055		1087		4101370		3412
1056		1087		4105268		3413
1057		1087		4109139		3413
1058		1085		4113012		3412
1059		1085		4116910		3413
1060		1083		4120773		3411
1061		1083		4124665		3411
1062		1083		4128553		3411
1063		1085		4132442		3409
1064		1085		4136271		3410
1065		1083		4140194		3407
1066		1085		4144018		3408
1067		1085		4147924		3408
1068		1086		4151846		3412
1069		1082		4155694		3414
1070		1082		4159625		3414
1071		1082		4163520		3414
1072		1082		4167399		3414
1073		1082		4171285		3415
1074		1082		4175141		3415
1075		1081		4178993		3414
1076		1081		4182889		3414
1077		1081		4186804		3415
1078		1081		4190689		3413
1079		1081		4194569		3415
1080		1081		4198470		3415
1081		1079		4202344		3417
1082		1079		4206224		3416
1083		1079		4210135		3416
1084		1079		4214072		3417
1085		1079		4217973		3417
1086		1078		4221821		3419
1087		1079		4225728		3422
1088		1078		4229609		3425
1089		1078		4233535		3425
1090		1078		4237403		3424
1091		1078		4241312		3424
1092		1079		4245203		3423
1093		1083		4249083		3422
1094		1083		4252968		3421
1095		1083		4256872		3420
1096		1082		4260751		3419
1097		1077		4264644		3419
1098		1077		4268522		3420
1099		1076		4272406		3424
1100		1074		4276244		3422
1101		1074		4280087		3421
1102		1075		4283965		3421
1103		1075		4287912		3419
1104		1075		4291850		3423
1105		1075		4295705		3423
1106		1074		4299574		3422
1107		1074		4303498		3422
1108		1072		4307351		3423
1109		1072		4311222		3423
1110		1072		4315087		3423
1111		1070		4319020		3424
1112		1070		4322854		3424
1113		1070		4326756		3424
1114		1070		4330607		3425
1115		1070		4334466		3423
1116		1070		4338390		3422
1117		1069		4342258		3422
1118		1069		4346119		3423
1119		1069		4350027		3422
1120		1069		4353935		3422
1121		1069		4357807		3422
1122		1069		4361688		3422
1123		1069		4365535		3422
1124		1069		4369426		3421
1125		1069		4373306		3421
1126		1069		4377157		3421
1127		1069		4381018		3420
1128		1069		4384900		3418
1129		1069		4388775		3416
1130		1069		4392690		3416
1131		1069		4396585		3414
1132		1069		4400465		3413
1133		1069		4404360		3412
1134		1070		4408283		3410
1135		1069		4412161		3413
1136		1069		4416006		3414
1137		1071		4419941		3416
1138		1068		4423823		3419
1139		1065		4427707		3416
1140		1065		4431541		3416
1141		1065		4435433		3414
1142		1065		4439291		3414
1143		1065		4443160		3411
1144		1065		4447058		3411
1145		1066		4450954		3412
1146		1067		4454856		3410
1147		1067		4458753		3408
1148		1067		4462646		3410
1149		1067		4466523		3411
1150		1067		4470382		3412
1151		1067		4474260		3412
1152		1067		4478170		3410
1153		1067		4482003		3410
1154		1066		4485908		3411
1155		1066		4489817		3412
1156		1066		4493691		3412
1157		1066		4497566		3413
1158		1066		4501459		3415
1159		1068		4505389		3413
1160		1065		4509298		3414
1161		1065		4513179		3416
1162		1065		4517034		3417
1163		1065		4520891		3417
1164		1064		4524766		3416
1165		1064		4528649		3415
1166		1064		4532562		3414
1167		1064		4536450		3412
1168		1064		4540315		3411
1169		1064		4544157		3409
1170		1064		4548027		3412
1171		1064		4551935		3412
1172		1064		4555835		3413
1173		1062		4559753		3414
1174		1062		4563671		3414
1175		1062		4567553		3414
1176		1062		4571436		3414
1177		1061		4575321		3416
1178		1061		4579203		3417
1179		1061		4583077		3419
1180		1063		4586964		3417
1181		1061		4590845		3416
1182		1059		4594714		3417
1183		1057		4598554		3416
1184		1057		4602434		3416
1185		1057		4606322		3415
1186		1057		4610203		3416
1187		1057		4614053		3418
1188		1057		4617892		3418
1189		1057		4621759		3420
1190		1054		4625675		3423
1191		1054		4629558		3424
1192		1054		4633381		3424
1193		1051		4637270		3425
1194		1051		4641159		3424
1195		1051		4645043		3424
1196		1051		4648918		3424
1197		1051		4652793		3424
1198		1051		4656640		3422
1199		1051		4660542		3423
1200		1051		4664494		3423
1201		1051		4668363		3423
1202		1051		4672221		3424
1203		1051		4676121		3424
1204		1051		4680010		3426
1205		1050		4683895		3426
1206		1053		4687803		3428
1207		1053		4691671		3428
1208		1053		4695532		3426
1209		1050		4699424		3428
1210		1048		4703285		3427
1211		1049		4707173		3427
1212		1048		4711107		3427
1213		1048		4715022		3427
1214		1048		4718920		3428
1215		1048		4722807		3426
1216		1048		4726668		3427
1217		1045		4730521		3425
1218		1045		4734429		3425
1219		1045		4738338		3424
1220		1043		4742275		3425
1221		1043		4746167		3425
1222		1045		4750068		3424
1223		1045		4753956		3422
1224		1044		4757845		3422
1225		1045		4761750		3421
1226		1045		4765612		3422
1227		1045		4769548		3422
1228		1045		4773406		3422
1229		1045		4777259		3422
1230		1042		4781113		3422
1231		1043		4784950		3421
1232		1043		4788841		3422
1233		1043		4792738		3421
1234		1041		4796617		3420
1235		1039		4800540		3422
1236		1039		4804422		3422
1237		1040		4808270		3423
1238		1040		4812182		3423
1239		1040		4816032		3424
1240		1037		4819933		3425
1241		1035		4823827		3430
1242		1035		4827687		3429
1243		1037		4831599		3429
1244		1037		4835491		3430
1245		1037		4839366		3431
1246		1033		4843279		3434
1247		1033		4847181		3434
1248		1034		4851066		3432
1249		1033		4854915		3429
1250		1033		4858857		3429
1251		1033		4862776		3429
1252		1029		4866656		3427
1253		1029		4870531		3428
1254		1029		4874379		3428
1255		1026		4878256		3428
1256		1025		4882168		3430
1257		1025		4886037		3425
1258		1024		4889922		3423
1259		1024		4893816		3426
1260		1022		4897665		3425
1261		1022		4901581		3429
1262		1022		4905498		3429
1263		1022		4909348		3427
1264		1023		4913251		3428
1265		1023		4917157		3428
1266		1021		4921091		3430
1267		1020		4924933		3430
1268		1020		4928824		3432
1269		1020		4932674		3433
1270		1017		4936498		3432
1271		1017		4940411		3431
1272		1017		4944293		3431
1273		1016		4948208		3431
1274		1016		4952121		3430
1275		1014		4955997		3430
1276		1016		4959869		3426
1277		1016		4963765		3424
1278		1015		4967653		3427
1279		1015		4971511		3426
1280		1012		4975424		3426
1281		1012		4979314		3426
1282		1012		4983217		3429
1283		1011		4987098		3430
1284		1010		4990973		3429
1285		1008		4994843		3429
1286		1009		4998738		3429
1287		1007		5002620		3425
1288		1007		5006497		3425
1289		1005		5010397		3425
1290		1003		5014277		3426
1291		1003		5018156		3425
1292		1004		5022020		3423
1293		1004		5025904		3429
1294		1004		5029796		3427
1295		1000		5033669		3428
1296		998		5037545		3429
1297		998		5041466		3429
1298		998		5045367		3430
1299		998		5049248		3428
1300		996		5053133		3428
1301		993		5056999		3427
1302		993		5060880		3430
1303		993		5064737		3430
1304		991		5068663		3432
1305		991		5072526		3431
1306		991		5076377		3431
1307		991		5080260		3431
1308		991		5084146		3431
1309		985		5088033		3432
1310		985		5091951		3432
1311		985		5095793		3431
1312		985		5099653		3433
1313		985		5103480		3436
1314		985		5107380		3436
1315		985		5111253		3433
1316		987		5115150		3431
1317		985		5119050		3431
1318		985		5122899		3433
1319		986		5126828		3434
1320		986		5130696		3433
1321		986		5134611		3434
1322		985		5138432		3434
1323		985		5142315		3434
1324		985		5146177		3434
1325		985		5150053		3432
1326		986		5153962		3432
1327		986		5157869		3433
1328		986		5161785		3432
1329		986		5165649		3432
1330		985		5169556		3433
1331		983		5173413		3434
1332		983		5177298		3432
1333		983		5181206		3432
1334		983		5185041		3432
1335		983		5188922		3431
1336		985		5192797		3429
1337		984		5196657		3430
1338		984		5200509		3430
1339		984		5204390		3430
1340		984		5208265		3430
1341		984		5212105		3431
1342		984		5216017		3431
1343		984		5219905		3431
1344		988		5223768		3431
1345		988		5227654		3431
1346		989		5231535		3431
1347		987		5235417		3430
1348		987		5239284		3430
1349		984		5243159		3428
1350		984		5247047		3428
1351		983		5250935		3426
1352		983		5254844		3426
1353		981		5258715		3428
1354		976		5262582		3434
1355		976		5266467		3432
1356		975		5270361		3429
1357		975		5274286		3428
1358		975		5278166		3428
1359		975		5282058		3428
1360		975		5285961		3428
1361		974		5289790		3427
1362		974		5293681		3429
1363		974		5297581		3429
1364		974		5301491		3429
1365		976		5305364		3427
1366		974		5309216		3429
1367		975		5313120		3428
1368		974		5316988		3427
1369		974		5320901		3427
1370		973		5324735		3429
1371		974		5328598		3429
1372		974		5332439		3429
1373		974		5336346		3430
1374		974		5340236		3428
1375		974		5344130		3429
1376		974		5347992		3429
1377		974		5351913		3429
1378		974		5355776		3430
1379		974		5359689		3431
1380		974		5363539		3429
1381		976		5367444		3430
1382		975		5371250		3431
1383		975		5375192		3431
1384		975		5379107		3430
1385		975		5383009		3429
1386		975		5386885		3433
1387		968		5390735		3433
1388		968		5394589		3433
1389		966		5398442		3431
1390		966		5402356		3431
1391		966		5406221		3431
1392		966		5410110		3430
1393		966		5414026		3428
1394		965		5417921		3430
1395		963		5421786		3434
1396		963		5425699		3434
1397		963		5429591		3434
1398		963		5433489		3431
1399		964		5437414		3432
1400		963		5441299		3430
1401		963		5445162		3430
1402		962		5449100		3431
1403		959		5452985		3431
1404		961		5456898		3431
1405		961		5460767		3432
1406		961		5464654		3434
1407		961		5468545		3433
1408		960		5472457		3432
1409		960		5476339		3432
1410		960		5480232		3432
1411		955		5484130		3432
1412		955		5488025		3433
1413		955		5491865		3433
1414		957		5495772		3434
1415		957		5499630		3435
1416		957		5503448		3435
1417		957		5507343		3435
1418		957		5511220		3434
1419		957		5515148		3433
1420		955		5519042		3434
1421		955		5522983		3434
1422		955		5526888		3434
1423		955		5530767		3434
1424		956		5534656		3435
1425		956		5538543		3435
1426		956		5542455		3435
1427		956		5546411		3434
1428		956		5550228		3434
1429		957		5554114		3434
1430		957		5557979		3433
1431		959		5561902		3433
1432		959		5565755		3434
1433		959		5569630		3435
1434		959		5573520		3435
1435		956		5577412		3435
1436		957		5581270		3434
1437		954		5585180		3433
1438		953		5589049		3433
1439		952		5592950		3430
1440		952		5596858		3428
1441		954		5600780		3430
1442		954		5604640		3427
1443		956		5608549		3431
1444		953		5612456		3429
1445		954		5616367		3430
1446		953		5620248		3430
1447		953		5624098		3430
1448		953		5628006		3432
1449		953		5631874		3432
1450		952		5635824		3430
1451		952		5639708		3430
1452		954		5643598		3431
1453		954		5647499		3433
1454		954		5651417		3433
1455		954		5655281		3431
1456		952		5659139		3429
1457		952		5663035		3428
1458		952		5666969		3430
1459		952		5670856		3432
1460		952		5674700		3433
1461		952		5678595		3432
1462		955		5682471		3431
1463		955		5686370		3431
1464		955		5690249		3432
1465		952		5694118		3432
1466		952		5698025		3432
1467		952		5701921		3432
1468		951		5705791		3427
1469		949		5709649		3424
1470		949		5713547		3426
1471		949		5717400		3426
1472		949		5721248		3426
1473		949		5725115		3427
1474		951		5728946		3429
1475		951		5732778		3429
1476		951		5736635		3428
1477		951		5740491		3428
1478		951		5744332		3427
1479		951		5748191		3426
1480		951		5752053		3426
1481		951		5755929		3428
1482		951		5759811		3425
1483		948		5763686		3424
1484		948		5767611		3424
1485		948		5771431		3424
1486		946		5775337		3422
1487		946		5779139		3423
1488		946		5783043		3424
1489		945		5786941		3424
1490		945		5790818		3424
1491		945		5794732		3425
1492		945		5798594		3422
1493		945		5802451		3420
1494		944		5806294		3418
1495		944		5810120		3418
1496		944		5814024		3418
1497		944		5817938		3419
1498		943		5821826		3420
1499		940		5825702		3423
1500		940		5829568		3422
1501		941		5833450		3422
1502		941		5837350		3422
1503		941		5841222		3422
1504		941		5845149		3421
1505		941		5849038		3421
1506		940		5852895		3423
1507		940		5856834		3424
1508		940		5860690		3424
1509		940		5864570		3424
1510		940		5868443		3422
1511		940		5872326		3422
1512		940		5876202		3422
1513		940		5880103		3422
1514		940		5883970		3422
1515		940		5887875		3420
1516		940		5891798		3421
1517		940		5895663		3422
1518		938		5899533		3424
1519		938		5903420		3424
1520		938		5907321		3425
1521		937		5911186		3427
1522		935		5915076		3425
1523		935		5918961		3424
1524		935		5922860		3424
1525		936		5926768		3424
1526		936		5930661		3424
1527		936		5934519		3424
1528		936		5938407		3424
1529		934		5942328		3424
1530		934		5946257		3424
1531		934		5950119		3426
1532		934		5954005		3426
1533		934		5957900		3425
1534		934		5961793		3425
1535		934		5965679		3424
1536		934		5969575		3425
1537		934		5973432		3426
1538		934		5977320		3426
1539		934		5981213		3426
1540		934		5985119		3427
1541		933		5989008		3427
1542		933		5992897		3428
1543		933		5996769		3429
1544		933		6000660		3427
1545		933		6004561		3428
1546		933		6008463		3430
1547		931		6012359		3429
1548		931		6016256		3429
1549		932		6020160		3427
1550		932		6024047		3427
1551		930		6027948		3427
1552		930		6031832		3427
1553		930		6035726		3427
1554		932		6039633		3430
1555		933		6043520		3431
1556		933		6047408		3429
1557		931		6051314		3430
1558		933		6055228		3429
1559		934		6059130		3427
1560		934		6062938		3427
1561		934		6066802		3427
1562		934		6070694		3429
1563		934		6074585		3429
1564		934		6078442		3427
1565		934		6082347		3427
1566		934		6086243		3428
1567		934		6090137		3428
1568		934		6094057		3428
1569		934		6097895		3429
1570		933		6101774		3426
1571		932		6105687		3427
1572		932		6109557		3425
1573		933		6113449		3426
1574		933		6117352		3426
1575		932		6121239		3426
1576		932		6125088		3425
1577		931		6128979		3426
1578		929		6132848		3424
1579		929		6136744		3425
1580		929		6140680		3425
1581		929		6144585		3425
1582		929		6148443		3423
1583		925		6152345		3422
1584		924		6156261		3422
1585		918		6160100		3422
1586		918		6163983		3421
1587		917		6167825		3424
1588		917		6171666		3424
1589		917		6175568		3424
1590		917		6179444		3425
1591		915		6183368		3426
1592		915		6187285		3426
1593		914		6191182		3429
1594		914		6195065		3428
1595		914		6198922		3429
1596		914		6202809		3429
1597		914		6206726		3430
1598		914		6210611		3429
1599		912		6214477		3430
1600		913		6218336		3430
1601		913		6222202		3430
1602		913		6226101		3429
1603		913		6230015		3429
1604		913		6233931		3426
1605		913		6237830		3427
1606		913		6241732		3428
1607		913		6245594		3428
1608		913		6249489		3428
1609		913		6253372		3429
1610		912		6257275		3427
1611		912		6261180		3427
1612		912		6265079		3425
1613		912		6268901		3425
1614		912		6272814		3425
1615		912		6276655		3425
1616		912		6280492		3425
1617		910		6284354		3421
1618		910		6288258		3422
1619		910		6292127		3421
1620		910		6295987		3423
1621		910		6299870		3423
1622		910		6303772		3422
1623		910		6307645		3422
1624		910		6311533		3424
1625		909		6315416		3426
1626		908		6319292		3424
1627		905		6323165		3424
1628		904		6327059		3426
1629		904		6330931		3426
1630		904		6334820		3426
1631		904		6338721		3426
1632		904		6342563		3426
1633		904		6346457		3425
1634		901		6350340		3426
1635		901		6354238		3427
1636		902		6358132		3429
1637		902		6362039		3429
1638		899		6365913		3429
1639		899		6369763		3429
1640		895		6373581		3427
1641		895		6377455		3428
1642		893		6381358		3429
1643		893		6385282		3431
1644		893		6389180		3432
1645		893		6393055		3432
1646		893		6396895		3432
1647		893		6400863		3431
1648		895		6404708		3430
1649		895		6408585		3432
1650		895		6412474		3432
1651		895		6416406		3431
1652		895		6420283		3432
1653		895		6424171		3432
1654		895		6428043		3432
1655		895		6431932		3432
1656		896		6435759		3432
1657		896		6439633		3430
1658		896		6443552		3431
1659		896		6447432		3431
1660		896		6451314		3431
1661		895		6455210		3430
1662		895		6459035		3431
1663		893		6462933		3430
1664		893		6466799		3430
1665		893		6470680		3429
1666		893		6474537		3429
1667		895		6478426		3430
1668		892		6482335		3431
1669		892		6486196		3431
1670		892		6490074		3427
1671		892		6493952		3426
1672		892		6497860		3426
1673		892		6501774		3430
1674		892		6505632		3430
1675		891		6509474		3430
1676		891		6513319		3430
1677		891		6517192		3425
1678		890		6521061		3425
1679		890		6524897		3423
1680		891		6528738		3422
1681		888		6532647		3425
1682		888		6536574		3425
1683		888		6540450		3426
1684		888		6544343		3425
1685		888		6548198		3427
1686		888		6552077		3427
1687		888		6555953		3427
1688		888		6559774		3429
1689		888		6563703		3429
1690		886		6567615		3428
1691		886		6571491		3428
1692		887		6575404		3428
1693		887		6579264		3426
1694		887		6583149		3426
1695		887		6587049		3427
1696		887		6590920		3427
1697		887		6594813		3429
1698		887		6598706		3429
1699		887		6602598		3429
1700		887		6606523		3430
1701		887		6610419		3430
1702		887		6614268		3430
1703		887		6618165		3435
1704		887		6622041		3434
1705		887		6625930		3434
1706		887		6629812		3434
1707		887		6633716		3434
1708		885		6637590		3432
1709		885		6641440		3432
1710		885		6645276		3431
1711		885		6649120		3431
1712		885		6653013		3431
1713		885		6656868		3431
1714		885		6660744		3431
1715		885		6664622		3431
1716		885		6668496		3431
1717		886		6672371		3429
1718		886		6676194		3429
1719		886		6680082		3429
1720		886		6683959		3428
1721		882		6687859		3430
1722		882		6691720		3430
1723		882		6695585		3428
1724		880		6699480		3426
1725		880		6703395		3428
1726		879		6707216		3427
1727		879		6711137		3427
1728		879		6714996		3427
1729		879		6718888		3428
1730		876		6722787		3426
1731		876		6726683		3426
1732		876		6730562		3427
1733		877		6734445		3426
1734		877		6738327		3426
1735		877		6742210		3425
1736		877		6746112		3425
1737		877		6749941		3425
1738		877		6753780		3424
1739		879		6757632		3423
1740		879		6761533		3423
1741		880		6765419		3423
1742		880		6769304		3424
1743		880		6773181		3425
1744		880		6777027		3425
1745		881		6780925		3426
1746		882		6784804		3426
1747		882		6788662		3427
1748		882		6792529		3428
1749		880		6796410		3430
1750		882		6800313		3430
1751		882		6804203		3431
1752		880		6808071		3431
1753		881		6811946		3431
1754		875		6815859		3430
1755		875		6819786		3430
1756		875		6823704		3430
1757		875		6827618		3430
1758		875		6831502		3431
1759		875		6835376		3431
1760		875		6839300		3431
1761		876		6843182		3432
1762		876		6847069		3433
1763		876		6850942		3432
1764		876		6854855		3432
1765		876		6858709		3431
1766		876		6862532		3432
1767		876		6866405		3432
1768		873		6870275		3433
1769		871		6874213		3433
1770		869		6878080		3432
1771		869		6881914		3432
1772		869		6885792		3431
1773		869		6889661		3433
1774		869		6893497		3431
1775		869		6897378		3431
1776		871		6901248		3431
1777		871		6905135		3432
1778		871		6908985		3432
1779		872		6912852		3431
1780		871		6916723		3430
1781		871		6920626		3430
1782		871		6924512		3430
1783		871		6928441		3430
1784		871		6932275		3430
1785		870		6936151		3430
1786		870		6940031		3430
1787		870		6943886		3428
1788		868		6947783		3428
1789		869		6951638		3427
1790		869		6955542		3427
1791		869		6959442		3427
1792		870		6963311		3427
1793		870		6967188		3427
1794		870		6971102		3429
1795		870		6974964		3427
1796		870		6978844		3427
1797		870		6982711		3428
1798		869		6986578		3428
1799		869		6990447		3427
1800		868		6994343		3425
1801		868		6998263		3424
1802		868		7002166		3424
1803		867		7006074		3424
1804		867		7009932		3423
1805		867		7013815		3421
1806		867		7017719		3421
1807		867		7021631		3421
1808		867		7025523		3422
1809		863		7029394		3422
1810		863		7033287		3424
1811		863		7037152		3424
1812		860		7041026		3425
1813		860		7044957		3426
1814		860		7048862		3425
1815		860		7052772		3424
1816		860		7056644		3423
1817		860		7060507		3423
1818		860		7064424		3424
1819		860		7068294		3426
1820		860		7072160		3426
1821		860		7076013		3426
1822		860		7079893		3425
1823		860		7083788		3425
1824		860		7087664		3425
1825		860		7091577		3425
1826		860		7095409		3425
1827		860		7099278		3425
1828		860		7103192		3425
1829		862		7107097		3426
1830		862		7110988		3426
1831		860		7114846		3427
1832		860		7118689		3427
1833		864		7122555		3425
1834		864		7126447		3424
1835		864		7130337		3424
1836		864		7134196		3424
1837		863		7138094		3422
1838		864		7141980		3423
1839		864		7145848		3423
1840		864		7149741		3422
1841		864		7153624		3423
1842		864		7157479		3422
1843		862		7161369		3420
1844		862		7165224		3420
1845		862		7169072		3420
1846		862		7172977		3420
1847		862		7176887		3420
1848		862		7180775		3420
1849		861		7184663		3419
1850		861		7188538		3419
1851		861		7192389		3419
1852		861		7196266		3417
1853		861		7200197		3417
1854		861		7204099		3417
1855		861		7207972		3418
1856		861		7211799		3419
1857		861		7215721		3419
1858		861		7219592		3420
1859		861		7223459		3420
1860		858		7227347		3419
1861		858		7231201		3419
1862		858		7235069		3420
1863		857		7238927		3420
1864		857		7242799		3420
1865		856		7246684		3420
1866		856		7250520		3420
1867		858		7254366		3419
1868		858		7258316		3419
1869		858		7262188		3420
1870		858		7266053		3419
1871		858		7269906		3419
1872		858		7273798		3417
1873		858		7277696		3417
1874		856		7281553		3418
1875		856		7285421		3418
1876		856		7289307		3418
1877		856		7293186		3420
1878		856		7297063		3420
1879		856		7300975		3420
1880		856		7304828		3419
1881		856		7308693		3419
1882		856		7312586		3419
1883		856		7316478		3421
1884		856		7320350		3423
1885		856		7324257		3424
1886		856		7328094		3424
1887		856		7331989		3425
1888		856		7335850		3425
1889		856		7339758		3426
1890		856		7343631		3427
1891		856		7347518		3426
1892		856		7351404		3426
1893		856		7355292		3426
1894		856		7359198		3428
1895		856		7363049		3428
1896		856		7366936		3428
1897		855		7370831		3427
1898		855		7374691		3427
1899		856		7378553		3426
1900		856		7382459		3427
1901		854		7386339		3427
1902		854		7390230		3427
1903		856		7394142		3425
1904		856		7398030		3424
1905		856		7401919		3422
1906		856		7405788		3421
1907		856		7409632		3421
1908		856		7413478		3421
1909		856		7417332		3421
1910		856		7421214		3420
1911		856		7425104		3420
1912		854		7428976		3421
1913		854		7432827		3421
1914		854		7436700		3421
1915		855		7440569		3421
1916		854		7444444		3419
1917		854		7448298		3419
1918		854		7452193		3419
1919		854		7456076		3419
1920		856		7459992		3419
1921		856		7463897		3419
1922		856		7467772		3417
1923		856		7471658		3417
1924		856		7475537		3417
1925		856		7479399		3418
1926		856		7483276		3418
1927		856		7487123		3420
1928		856		7491024		3419
1929		856		7494902		3419
1930		856		7498799		3419
1931		856		7502708		3419
1932		856		7506644		3418
1933		860		7510530		3417
1934		860		7514390		3417
1935		860		7518304		3417
1936		860		7522186		3417
1937		861		7526077		3418
1938		862		7529997		3420
1939		859		7533888		3421
1940		859		7537786		3422
1941		858		7541680		3423
1942		858		7545504		3423
1943		858		7549349		3423
1944		858		7553210		3423
1945		858		7557090		3423
1946		858		7560964		3423
1947		858		7564823		3423
1948		858		7568696		3423
1949		858		7572556		3424
1950		858		7576411		3425
1951		858		7580294		3426
1952		858		7584178		3426
1953		858		7588088		3427
1954		858		7591950		3427
1955		858		7595823		3427
1956		858		7599700		3427
1957		858		7603585		3428
1958		859		7607484		3427
1959		859		7611331		3427
1960		859		7615234		3427
1961		859		7619044		3427
1962		859		7622941		3427
1963		860		7626826		3427
1964		860		7630721		3429
1965		860		7634583		3429
1966		860		7638451		3428
1967		860		7642306		3428
1968		861		7646134		3428
1969		861		7650031		3429
1970		861		7653929		3429
1971		861		7657791		3429
1972		861		7661656		3429
1973		861		7665513		3430
1974		860		7669417		3431
1975		858		7673296		3431
1976		857		7677179		3432
1977		857		7681044		3432
1978		857		7684928		3431
1979		858		7688891		3432
1980		858		7692684		3432
1981		858		7696567		3432
1982		858		7700406		3433
1983		858		7704293		3433
1984		858		7708166		3434
1985		855		7712037		3435
1986		855		7715905		3435
1987		853		7719810		3434
1988		852		7723677		3433
1989		850		7727613		3433
1990		850		7731539		3432
1991		850		7735433		3433
1992		850		7739271		3433
1993		850		7743165		3429
1994		849		7747062		3432
1995		849		7750978		3432
1996		849		7754848		3434
1997		846		7758701		3434
1998		846		7762591		3434
1999		845		7766462		3434
