# Migration is number of nodes that have changed color.

Round		Edge-Cut		Swaps		Migrations		Skipped
0		2879		1344		1658
1		2701		1455		1686
2		2662		1484		1696
3		2628		1505		1699
4		2618		1513		1697
5		2615		1515		1697
6		2607		1521		1697
7		2603		1524		1699
8		2601		1526		1702
9		2596		1528		1703
10		2595		1529		1703
11		2594		1530		1703
12		2588		1533		1702
13		2585		1534		1702
14		2585		1534		1702
15		2585		1534		1702
16		2585		1534		1702
17		2585		1534		1702
18		2585		1534		1702
19		2585		1534		1702
20		2585		1534		1702
21		2585		1534		1702
22		2585		1534		1702
23		2585		1534		1702
24		2585		1534		1702
25		2585		1534		1702
26		2585		1534		1702
27		2584		1535		1704
28		2584		1535		1704
29		2584		1535		1704
30		2584		1535		1704
31		2582		1536		1705
32		2582		1536		1705
33		2582		1536		1705
34		2582		1536		1705
35		2580		1537		1704
36		2580		1537		1704
37		2580		1537		1704
38		2580		1537		1704
39		2580		1537		1704
40		2580		1537		1704
41		2580		1537		1704
42		2580		1537		1704
43		2580		1537		1704
44		2580		1537		1704
45		2580		1537		1704
46		2580		1537		1704
47		2580		1537		1704
48		2580		1537		1704
49		2580		1537		1704
50		2580		1537		1704
51		2580		1537		1704
52		2580		1537		1704
53		2580		1537		1704
54		2580		1537		1704
55		2580		1537		1704
56		2580		1537		1704
57		2580		1537		1704
58		2580		1537		1704
59		2580		1537		1704
60		2580		1537		1704
61		2580		1537		1704
62		2580		1537		1704
63		2580		1537		1704
64		2580		1537		1704
65		2580		1537		1704
66		2580		1537		1704
67		2580		1537		1704
68		2580		1537		1704
69		2580		1537		1704
70		2580		1537		1704
71		2580		1537		1704
72		2580		1537		1704
73		2580		1537		1704
74		2580		1537		1704
75		2580		1537		1704
76		2580		1537		1704
77		2580		1537		1704
78		2580		1537		1704
79		2580		1537		1704
80		2580		1537		1704
81		2580		1537		1704
82		2580		1537		1704
83		2580		1537		1704
84		2580		1537		1704
85		2580		1537		1704
86		2580		1537		1704
87		2580		1537		1704
88		2580		1537		1704
89		2580		1537		1704
90		2580		1537		1704
91		2580		1537		1704
92		2580		1537		1704
93		2580		1537		1704
94		2580		1537		1704
95		2580		1537		1704
96		2580		1537		1704
97		2580		1537		1704
98		2580		1537		1704
99		2580		1537		1704
100		2580		1537		1704
101		2580		1537		1704
102		2580		1537		1704
103		2580		1537		1704
104		2580		1537		1704
105		2580		1537		1704
106		2580		1537		1704
107		2580		1537		1704
108		2580		1537		1704
109		2580		1537		1704
110		2580		1537		1704
111		2580		1537		1704
112		2580		1537		1704
113		2580		1537		1704
114		2580		1537		1704
115		2580		1537		1704
116		2580		1537		1704
117		2580		1537		1704
118		2580		1537		1704
119		2580		1537		1704
120		2580		1537		1704
121		2580		1537		1704
122		2580		1537		1704
123		2580		1537		1704
124		2580		1537		1704
125		2580		1537		1704
126		2580		1537		1704
127		2580		1537		1704
128		2580		1537		1704
129		2580		1537		1704
130		2580		1537		1704
131		2580		1537		1704
132		2580		1537		1704
133		2580		1537		1704
134		2580		1537		1704
135		2580		1537		1704
136		2580		1537		1704
137		2580		1537		1704
138		2580		1537		1704
139		2580		1537		1704
140		2580		1537		1704
141		2580		1537		1704
142		2580		1537		1704
143		2580		1537		1704
144		2580		1537		1704
145		2580		1537		1704
146		2580		1537		1704
147		2580		1537		1704
148		2580		1537		1704
149		2580		1537		1704
150		2580		1537		1704
151		2580		1537		1704
152		2580		1537		1704
153		2580		1537		1704
154		2580		1537		1704
155		2580		1537		1704
156		2580		1537		1704
157		2580		1537		1704
158		2580		1537		1704
159		2580		1537		1704
160		2580		1537		1704
161		2580		1537		1704
162		2580		1537		1704
163		2580		1537		1704
164		2580		1537		1704
165		2580		1537		1704
166		2580		1537		1704
167		2580		1537		1704
168		2580		1537		1704
169		2580		1537		1704
170		2580		1537		1704
171		2580		1537		1704
172		2580		1537		1704
173		2580		1537		1704
174		2580		1537		1704
175		2580		1537		1704
176		2580		1537		1704
177		2580		1537		1704
178		2580		1537		1704
179		2580		1537		1704
180		2580		1537		1704
181		2580		1537		1704
182		2580		1537		1704
183		2580		1537		1704
184		2580		1537		1704
185		2580		1537		1704
186		2580		1537		1704
187		2580		1537		1704
188		2580		1537		1704
189		2580		1537		1704
190		2580		1537		1704
191		2580		1537		1704
192		2580		1537		1704
193		2580		1537		1704
194		2580		1537		1704
195		2580		1537		1704
196		2580		1537		1704
197		2580		1537		1704
198		2580		1537		1704
199		2580		1537		1704
200		2580		1537		1704
201		2580		1537		1704
202		2580		1537		1704
203		2580		1537		1704
204		2580		1537		1704
205		2580		1537		1704
206		2580		1537		1704
207		2580		1537		1704
208		2580		1537		1704
209		2580		1537		1704
210		2580		1537		1704
211		2580		1537		1704
212		2580		1537		1704
213		2580		1537		1704
214		2580		1537		1704
215		2580		1537		1704
216		2580		1537		1704
217		2580		1537		1704
218		2580		1537		1704
219		2580		1537		1704
220		2580		1537		1704
221		2580		1537		1704
222		2580		1537		1704
223		2580		1537		1704
224		2580		1537		1704
225		2580		1537		1704
226		2580		1537		1704
227		2580		1537		1704
228		2580		1537		1704
229		2580		1537		1704
230		2580		1537		1704
231		2580		1537		1704
232		2580		1537		1704
233		2580		1537		1704
234		2580		1537		1704
235		2580		1537		1704
236		2580		1537		1704
237		2580		1537		1704
238		2580		1537		1704
239		2580		1537		1704
240		2580		1537		1704
241		2580		1537		1704
242		2580		1537		1704
243		2580		1537		1704
244		2580		1537		1704
245		2580		1537		1704
246		2580		1537		1704
247		2580		1537		1704
248		2580		1537		1704
249		2580		1537		1704
250		2580		1537		1704
251		2580		1537		1704
252		2580		1537		1704
253		2580		1537		1704
254		2580		1537		1704
255		2580		1537		1704
256		2580		1537		1704
257		2580		1537		1704
258		2580		1537		1704
259		2580		1537		1704
260		2580		1537		1704
261		2580		1537		1704
262		2580		1537		1704
263		2580		1537		1704
264		2580		1537		1704
265		2580		1537		1704
266		2580		1537		1704
267		2580		1537		1704
268		2580		1537		1704
269		2580		1537		1704
270		2580		1537		1704
271		2580		1537		1704
272		2580		1537		1704
273		2580		1537		1704
274		2580		1537		1704
275		2580		1537		1704
276		2580		1537		1704
277		2580		1537		1704
278		2580		1537		1704
279		2580		1537		1704
280		2580		1537		1704
281		2580		1537		1704
282		2580		1537		1704
283		2580		1537		1704
284		2580		1537		1704
285		2580		1537		1704
286		2580		1537		1704
287		2580		1537		1704
288		2580		1537		1704
289		2580		1537		1704
290		2580		1537		1704
291		2580		1537		1704
292		2580		1537		1704
293		2580		1537		1704
294		2580		1537		1704
295		2580		1537		1704
296		2580		1537		1704
297		2580		1537		1704
298		2580		1537		1704
299		2580		1537		1704
300		2580		1537		1704
301		2580		1537		1704
302		2580		1537		1704
303		2580		1537		1704
304		2580		1537		1704
305		2580		1537		1704
306		2580		1537		1704
307		2580		1537		1704
308		2580		1537		1704
309		2580		1537		1704
310		2580		1537		1704
311		2580		1537		1704
312		2580		1537		1704
313		2580		1537		1704
314		2580		1537		1704
315		2580		1537		1704
316		2580		1537		1704
317		2580		1537		1704
318		2580		1537		1704
319		2580		1537		1704
320		2580		1537		1704
321		2580		1537		1704
322		2580		1537		1704
323		2580		1537		1704
324		2580		1537		1704
325		2580		1537		1704
326		2580		1537		1704
327		2580		1537		1704
328		2580		1537		1704
329		2580		1537		1704
330		2580		1537		1704
331		2580		1537		1704
332		2580		1537		1704
333		2580		1537		1704
334		2580		1537		1704
335		2580		1537		1704
336		2580		1537		1704
337		2580		1537		1704
338		2580		1537		1704
339		2580		1537		1704
340		2580		1537		1704
341		2580		1537		1704
342		2580		1537		1704
343		2580		1537		1704
344		2580		1537		1704
345		2580		1537		1704
346		2580		1537		1704
347		2580		1537		1704
348		2580		1537		1704
349		2580		1537		1704
350		2580		1537		1704
351		2580		1537		1704
352		2580		1537		1704
353		2580		1537		1704
354		2580		1537		1704
355		2580		1537		1704
356		2580		1537		1704
357		2580		1537		1704
358		2580		1537		1704
359		2580		1537		1704
360		2580		1537		1704
361		2580		1537		1704
362		2580		1537		1704
363		2580		1537		1704
364		2580		1537		1704
365		2580		1537		1704
366		2580		1537		1704
367		2580		1537		1704
368		2580		1537		1704
369		2580		1537		1704
370		2580		1537		1704
371		2580		1537		1704
372		2580		1537		1704
373		2580		1537		1704
374		2580		1537		1704
375		2580		1537		1704
376		2580		1537		1704
377		2580		1537		1704
378		2580		1537		1704
379		2580		1537		1704
380		2580		1537		1704
381		2580		1537		1704
382		2580		1537		1704
383		2580		1537		1704
384		2580		1537		1704
385		2580		1537		1704
386		2580		1537		1704
387		2580		1537		1704
388		2580		1537		1704
389		2580		1537		1704
390		2580		1537		1704
391		2580		1537		1704
392		2580		1537		1704
393		2580		1537		1704
394		2580		1537		1704
395		2580		1537		1704
396		2580		1537		1704
397		2580		1537		1704
398		2580		1537		1704
399		2580		1537		1704
400		2258		1948		1764
401		2187		2002		1756
402		2159		2021		1754
403		2138		2039		1762
404		2128		2046		1761
405		2120		2053		1763
406		2113		2058		1767
407		2106		2062		1764
408		2104		2063		1764
409		2098		2067		1764
410		2094		2069		1764
411		2091		2071		1766
412		2091		2071		1766
413		2091		2071		1766
414		2091		2071		1766
415		2091		2071		1766
416		2090		2072		1767
417		2090		2072		1767
418		2089		2073		1767
419		2089		2073		1767
420		2089		2073		1767
421		2089		2073		1767
422		2088		2074		1768
423		2088		2074		1768
424		2088		2074		1768
425		2086		2076		1769
426		2086		2076		1769
427		2086		2076		1769
428		2086		2076		1769
429		2086		2076		1769
430		2086		2076		1769
431		2086		2076		1769
432		2086		2076		1769
433		2086		2076		1769
434		2086		2076		1769
435		2086		2076		1769
436		2086		2076		1769
437		2086		2076		1769
438		2086		2076		1769
439		2086		2076		1769
440		2086		2076		1769
441		2086		2076		1769
442		2086		2076		1769
443		2086		2076		1769
444		2086		2076		1769
445		2086		2076		1769
446		2086		2076		1769
447		2086		2076		1769
448		2086		2076		1769
449		2086		2076		1769
450		2086		2076		1769
451		2086		2076		1769
452		2086		2076		1769
453		2086		2076		1769
454		2086		2076		1769
455		2086		2076		1769
456		2086		2076		1769
457		2086		2076		1769
458		2086		2076		1769
459		2086		2076		1769
460		2086		2076		1769
461		2086		2076		1769
462		2086		2076		1769
463		2086		2076		1769
464		2086		2076		1769
465		2086		2076		1769
466		2086		2076		1769
467		2086		2076		1769
468		2086		2076		1769
469		2086		2076		1769
470		2086		2076		1769
471		2086		2076		1769
472		2086		2076		1769
473		2086		2076		1769
474		2086		2076		1769
475		2086		2076		1769
476		2086		2076		1769
477		2086		2076		1769
478		2086		2076		1769
479		2086		2076		1769
480		2086		2076		1769
481		2086		2076		1769
482		2086		2076		1769
483		2086		2076		1769
484		2086		2076		1769
485		2086		2076		1769
486		2086		2076		1769
487		2086		2076		1769
488		2086		2076		1769
489		2086		2076		1769
490		2086		2076		1769
491		2086		2076		1769
492		2086		2076		1769
493		2086		2076		1769
494		2086		2076		1769
495		2086		2076		1769
496		2086		2076		1769
497		2086		2076		1769
498		2086		2076		1769
499		2086		2076		1769
500		2086		2076		1769
501		2086		2076		1769
502		2086		2076		1769
503		2086		2076		1769
504		2086		2076		1769
505		2086		2076		1769
506		2086		2076		1769
507		2086		2076		1769
508		2086		2076		1769
509		2086		2076		1769
510		2086		2076		1769
511		2086		2076		1769
512		2086		2076		1769
513		2086		2076		1769
514		2086		2076		1769
515		2086		2076		1769
516		2086		2076		1769
517		2086		2076		1769
518		2086		2076		1769
519		2086		2076		1769
520		2086		2076		1769
521		2086		2076		1769
522		2086		2076		1769
523		2086		2076		1769
524		2086		2076		1769
525		2086		2076		1769
526		2086		2076		1769
527		2086		2076		1769
528		2086		2076		1769
529		2086		2076		1769
530		2086		2076		1769
531		2086		2076		1769
532		2086		2076		1769
533		2086		2076		1769
534		2086		2076		1769
535		2086		2076		1769
536		2086		2076		1769
537		2086		2076		1769
538		2086		2076		1769
539		2086		2076		1769
540		2086		2076		1769
541		2086		2076		1769
542		2086		2076		1769
543		2086		2076		1769
544		2086		2076		1769
545		2086		2076		1769
546		2086		2076		1769
547		2086		2076		1769
548		2086		2076		1769
549		2086		2076		1769
550		2086		2076		1769
551		2086		2076		1769
552		2086		2076		1769
553		2086		2076		1769
554		2086		2076		1769
555		2086		2076		1769
556		2086		2076		1769
557		2086		2076		1769
558		2086		2076		1769
559		2086		2076		1769
560		2086		2076		1769
561		2086		2076		1769
562		2086		2076		1769
563		2086		2076		1769
564		2086		2076		1769
565		2086		2076		1769
566		2086		2076		1769
567		2086		2076		1769
568		2086		2076		1769
569		2086		2076		1769
570		2086		2076		1769
571		2086		2076		1769
572		2086		2076		1769
573		2086		2076		1769
574		2086		2076		1769
575		2086		2076		1769
576		2086		2076		1769
577		2086		2076		1769
578		2086		2076		1769
579		2086		2076		1769
580		2086		2076		1769
581		2086		2076		1769
582		2086		2076		1769
583		2086		2076		1769
584		2086		2076		1769
585		2086		2076		1769
586		2086		2076		1769
587		2086		2076		1769
588		2086		2076		1769
589		2086		2076		1769
590		2086		2076		1769
591		2086		2076		1769
592		2086		2076		1769
593		2086		2076		1769
594		2086		2076		1769
595		2086		2076		1769
596		2086		2076		1769
597		2086		2076		1769
598		2086		2076		1769
599		2086		2076		1769
600		2086		2076		1769
601		2086		2076		1769
602		2086		2076		1769
603		2086		2076		1769
604		2086		2076		1769
605		2086		2076		1769
606		2086		2076		1769
607		2086		2076		1769
608		2086		2076		1769
609		2086		2076		1769
610		2086		2076		1769
611		2086		2076		1769
612		2086		2076		1769
613		2086		2076		1769
614		2086		2076		1769
615		2086		2076		1769
616		2086		2076		1769
617		2086		2076		1769
618		2086		2076		1769
619		2086		2076		1769
620		2086		2076		1769
621		2086		2076		1769
622		2086		2076		1769
623		2086		2076		1769
624		2086		2076		1769
625		2086		2076		1769
626		2086		2076		1769
627		2086		2076		1769
628		2086		2076		1769
629		2086		2076		1769
630		2086		2076		1769
631		2086		2076		1769
632		2086		2076		1769
633		2086		2076		1769
634		2086		2076		1769
635		2086		2076		1769
636		2086		2076		1769
637		2086		2076		1769
638		2086		2076		1769
639		2086		2076		1769
640		2086		2076		1769
641		2086		2076		1769
642		2086		2076		1769
643		2086		2076		1769
644		2086		2076		1769
645		2086		2076		1769
646		2086		2076		1769
647		2086		2076		1769
648		2086		2076		1769
649		2086		2076		1769
650		2086		2076		1769
651		2086		2076		1769
652		2086		2076		1769
653		2086		2076		1769
654		2086		2076		1769
655		2086		2076		1769
656		2086		2076		1769
657		2086		2076		1769
658		2086		2076		1769
659		2086		2076		1769
660		2086		2076		1769
661		2086		2076		1769
662		2086		2076		1769
663		2086		2076		1769
664		2086		2076		1769
665		2086		2076		1769
666		2086		2076		1769
667		2086		2076		1769
668		2086		2076		1769
669		2086		2076		1769
670		2086		2076		1769
671		2086		2076		1769
672		2086		2076		1769
673		2086		2076		1769
674		2086		2076		1769
675		2086		2076		1769
676		2086		2076		1769
677		2086		2076		1769
678		2086		2076		1769
679		2086		2076		1769
680		2086		2076		1769
681		2086		2076		1769
682		2086		2076		1769
683		2086		2076		1769
684		2086		2076		1769
685		2086		2076		1769
686		2086		2076		1769
687		2086		2076		1769
688		2086		2076		1769
689		2086		2076		1769
690		2086		2076		1769
691		2086		2076		1769
692		2086		2076		1769
693		2086		2076		1769
694		2086		2076		1769
695		2086		2076		1769
696		2086		2076		1769
697		2086		2076		1769
698		2086		2076		1769
699		2086		2076		1769
700		2086		2076		1769
701		2086		2076		1769
702		2086		2076		1769
703		2086		2076		1769
704		2086		2076		1769
705		2086		2076		1769
706		2086		2076		1769
707		2086		2076		1769
708		2086		2076		1769
709		2086		2076		1769
710		2086		2076		1769
711		2086		2076		1769
712		2086		2076		1769
713		2086		2076		1769
714		2086		2076		1769
715		2086		2076		1769
716		2086		2076		1769
717		2086		2076		1769
718		2086		2076		1769
719		2086		2076		1769
720		2086		2076		1769
721		2086		2076		1769
722		2086		2076		1769
723		2086		2076		1769
724		2086		2076		1769
725		2086		2076		1769
726		2086		2076		1769
727		2086		2076		1769
728		2086		2076		1769
729		2086		2076		1769
730		2086		2076		1769
731		2086		2076		1769
732		2086		2076		1769
733		2086		2076		1769
734		2086		2076		1769
735		2086		2076		1769
736		2086		2076		1769
737		2086		2076		1769
738		2086		2076		1769
739		2086		2076		1769
740		2086		2076		1769
741		2086		2076		1769
742		2086		2076		1769
743		2086		2076		1769
744		2086		2076		1769
745		2086		2076		1769
746		2086		2076		1769
747		2086		2076		1769
748		2086		2076		1769
749		2086		2076		1769
750		2086		2076		1769
751		2086		2076		1769
752		2086		2076		1769
753		2086		2076		1769
754		2086		2076		1769
755		2086		2076		1769
756		2086		2076		1769
757		2086		2076		1769
758		2086		2076		1769
759		2086		2076		1769
760		2086		2076		1769
761		2086		2076		1769
762		2086		2076		1769
763		2086		2076		1769
764		2086		2076		1769
765		2086		2076		1769
766		2086		2076		1769
767		2086		2076		1769
768		2086		2076		1769
769		2086		2076		1769
770		2086		2076		1769
771		2086		2076		1769
772		2086		2076		1769
773		2086		2076		1769
774		2086		2076		1769
775		2086		2076		1769
776		2086		2076		1769
777		2086		2076		1769
778		2086		2076		1769
779		2086		2076		1769
780		2086		2076		1769
781		2086		2076		1769
782		2086		2076		1769
783		2086		2076		1769
784		2086		2076		1769
785		2086		2076		1769
786		2086		2076		1769
787		2086		2076		1769
788		2086		2076		1769
789		2086		2076		1769
790		2086		2076		1769
791		2086		2076		1769
792		2086		2076		1769
793		2086		2076		1769
794		2086		2076		1769
795		2086		2076		1769
796		2086		2076		1769
797		2086		2076		1769
798		2086		2076		1769
799		2086		2076		1769
800		2101		2258		1754
801		2069		2282		1756
802		2051		2297		1758
803		2046		2301		1759
804		2040		2307		1761
805		2035		2312		1762
806		2028		2316		1765
807		2027		2317		1766
808		2026		2318		1765
809		2026		2318		1765
810		2026		2318		1765
811		2026		2318		1765
812		2024		2320		1766
813		2024		2320		1766
814		2024		2320		1766
815		2024		2320		1766
816		2024		2320		1766
817		2024		2320		1766
818		2024		2320		1766
819		2024		2320		1766
820		2024		2320		1766
821		2022		2321		1765
822		2022		2321		1765
823		2022		2321		1765
824		2022		2321		1765
825		2022		2321		1765
826		2022		2321		1765
827		2022		2321		1765
828		2022		2321		1765
829		2022		2321		1765
830		2022		2321		1765
831		2022		2321		1765
832		2022		2321		1765
833		2022		2321		1765
834		2022		2321		1765
835		2022		2321		1765
836		2022		2321		1765
837		2022		2321		1765
838		2022		2321		1765
839		2022		2321		1765
840		2022		2321		1765
841		2022		2321		1765
842		2022		2321		1765
843		2022		2321		1765
844		2022		2321		1765
845		2022		2321		1765
846		2022		2321		1765
847		2020		2322		1763
848		2020		2322		1763
849		2020		2322		1763
850		2020		2322		1763
851		2020		2322		1763
852		2020		2322		1763
853		2020		2322		1763
854		2020		2322		1763
855		2020		2322		1763
856		2020		2322		1763
857		2020		2322		1763
858		2020		2322		1763
859		2020		2322		1763
860		2020		2322		1763
861		2020		2322		1763
862		2020		2322		1763
863		2020		2322		1763
864		2020		2322		1763
865		2020		2322		1763
866		2020		2322		1763
867		2020		2322		1763
868		2020		2322		1763
869		2020		2322		1763
870		2020		2322		1763
871		2020		2322		1763
872		2020		2322		1763
873		2020		2322		1763
874		2020		2322		1763
875		2020		2322		1763
876		2020		2322		1763
877		2020		2322		1763
878		2020		2322		1763
879		2020		2322		1763
880		2020		2322		1763
881		2020		2322		1763
882		2020		2322		1763
883		2020		2322		1763
884		2020		2322		1763
885		2020		2322		1763
886		2020		2322		1763
887		2020		2322		1763
888		2020		2322		1763
889		2020		2322		1763
890		2020		2322		1763
891		2020		2322		1763
892		2020		2322		1763
893		2020		2322		1763
894		2020		2322		1763
895		2020		2322		1763
896		2020		2322		1763
897		2020		2322		1763
898		2020		2322		1763
899		2020		2322		1763
900		2020		2322		1763
901		2020		2322		1763
902		2020		2322		1763
903		2020		2322		1763
904		2020		2322		1763
905		2020		2322		1763
906		2020		2322		1763
907		2020		2322		1763
908		2020		2322		1763
909		2020		2322		1763
910		2020		2322		1763
911		2020		2322		1763
912		2020		2322		1763
913		2020		2322		1763
914		2020		2322		1763
915		2020		2322		1763
916		2020		2322		1763
917		2020		2322		1763
918		2020		2322		1763
919		2020		2322		1763
920		2020		2322		1763
921		2020		2322		1763
922		2020		2322		1763
923		2020		2322		1763
924		2020		2322		1763
925		2020		2322		1763
926		2020		2322		1763
927		2020		2322		1763
928		2020		2322		1763
929		2020		2322		1763
930		2020		2322		1763
931		2020		2322		1763
932		2020		2322		1763
933		2020		2322		1763
934		2020		2322		1763
935		2020		2322		1763
936		2020		2322		1763
937		2020		2322		1763
938		2020		2322		1763
939		2020		2322		1763
940		2020		2322		1763
941		2020		2322		1763
942		2020		2322		1763
943		2020		2322		1763
944		2020		2322		1763
945		2020		2322		1763
946		2020		2322		1763
947		2020		2322		1763
948		2020		2322		1763
949		2020		2322		1763
950		2020		2322		1763
951		2020		2322		1763
952		2020		2322		1763
953		2020		2322		1763
954		2020		2322		1763
955		2020		2322		1763
956		2020		2322		1763
957		2020		2322		1763
958		2020		2322		1763
959		2020		2322		1763
960		2020		2322		1763
961		2020		2322		1763
962		2020		2322		1763
963		2020		2322		1763
964		2020		2322		1763
965		2020		2322		1763
966		2020		2322		1763
967		2020		2322		1763
968		2020		2322		1763
969		2020		2322		1763
970		2020		2322		1763
971		2020		2322		1763
972		2020		2322		1763
973		2020		2322		1763
974		2020		2322		1763
975		2020		2322		1763
976		2020		2322		1763
977		2020		2322		1763
978		2020		2322		1763
979		2020		2322		1763
980		2020		2322		1763
981		2020		2322		1763
982		2020		2322		1763
983		2020		2322		1763
984		2020		2322		1763
985		2020		2322		1763
986		2020		2322		1763
987		2020		2322		1763
988		2020		2322		1763
