# Migration is number of nodes that have changed color.

Round		Edge-Cut		Swaps		Migrations		Skipped
0		4404		2280		1237
1		3756		4326		1379
2		3559		6237		1398
3		3375		8072		1467
4		3291		9799		1483
5		3158		11507		1484
6		3050		13141		1524
7		2980		14693		1534
8		2900		16168		1532
9		2827		17617		1548
10		2792		18988		1565
11		2746		20353		1583
12		2703		21674		1582
13		2662		22946		1611
14		2645		24202		1600
15		2607		25419		1603
16		2597		26612		1602
17		2563		27796		1603
18		2537		28957		1596
19		2528		30095		1611
20		2497		31223		1601
21		2488		32325		1602
22		2469		33435		1614
23		2458		34536		1620
24		2452		35627		1640
25		2440		36711		1639
26		2430		37792		1629
27		2422		38869		1626
28		2402		39937		1638
29		2398		41003		1639
30		2398		42056		1644
31		2394		43104		1645
32		2392		44157		1654
33		2386		45192		1657
34		2370		46217		1654
35		2363		47228		1653
36		2349		48233		1646
37		2348		49223		1655
38		2343		50215		1662
39		2335		51194		1667
40		2326		52168		1668
41		2318		53138		1670
42		2314		54091		1675
43		2312		55045		1666
44		2303		55991		1664
45		2299		56930		1669
46		2292		57859		1672
47		2290		58784		1667
48		2283		59688		1668
49		2276		60583		1672
50		2267		61470		1672
51		2263		62345		1674
52		2260		63221		1677
53		2254		64092		1678
54		2251		64958		1679
55		2248		65814		1679
56		2249		66672		1683
57		2245		67533		1681
58		2241		68387		1681
59		2241		69238		1678
60		2238		70086		1677
61		2236		70931		1679
62		2231		71767		1683
63		2229		72599		1679
64		2230		73430		1681
65		2232		74267		1680
66		2232		75097		1683
67		2232		75927		1678
68		2229		76760		1684
69		2226		77590		1680
70		2225		78415		1681
71		2227		79238		1679
72		2225		80065		1680
73		2225		80886		1679
74		2224		81708		1679
75		2220		82528		1680
76		2219		83346		1681
77		2216		84158		1681
78		2215		84969		1681
79		2214		85773		1680
80		2212		86577		1679
81		2211		87382		1677
82		2211		88186		1680
83		2209		88991		1677
84		2207		89792		1675
85		2207		90589		1674
86		2203		91389		1676
87		2202		92182		1675
88		2202		92975		1676
89		2202		93769		1676
90		2201		94562		1677
91		2200		95355		1676
92		2198		96148		1679
93		2196		96939		1678
94		2198		97728		1680
95		2196		98517		1678
96		2196		99304		1679
97		2193		100091		1680
98		2193		100874		1681
99		2193		101659		1680
100		2191		102444		1684
101		2188		103226		1683
102		2189		104007		1684
103		2189		104789		1683
104		2189		105571		1683
105		2189		106352		1682
106		2189		107133		1683
107		2188		107913		1684
108		2188		108694		1683
109		2188		109474		1683
110		2188		110254		1683
111		2188		111034		1683
112		2188		111814		1683
113		2187		112593		1682
114		2186		113372		1683
115		2186		114150		1683
116		2186		114928		1683
117		2186		115706		1683
118		2186		116484		1683
119		2187		117266		1682
120		2184		118043		1684
121		2184		118821		1684
122		2183		119599		1686
123		2183		120376		1685
124		2183		121153		1686
125		2182		121933		1682
126		2182		122710		1683
127		2182		123487		1682
128		2181		124263		1682
129		2181		125038		1681
130		2181		125813		1682
131		2181		126588		1681
132		2181		127363		1683
133		2180		128137		1683
134		2180		128910		1684
135		2180		129683		1683
136		2180		130456		1684
137		2180		131227		1681
138		2179		132000		1682
139		2180		132772		1682
140		2179		133542		1682
141		2179		134313		1681
142		2178		135082		1684
143		2177		135851		1684
144		2177		136620		1685
145		2177		137389		1684
146		2177		138158		1685
147		2177		138927		1684
148		2177		139696		1685
149		2177		140465		1684
150		2176		141235		1686
151		2176		142002		1685
152		2176		142769		1686
153		2176		143536		1685
154		2176		144303		1686
155		2175		145069		1684
156		2175		145835		1685
157		2174		146599		1685
158		2174		147362		1686
159		2174		148125		1685
160		2174		148888		1686
161		2174		149651		1685
162		2173		150413		1684
163		2173		151174		1683
164		2173		151935		1684
165		2172		152698		1682
166		2172		153459		1683
167		2172		154220		1682
168		2172		154981		1683
169		2172		155742		1682
170		2171		156502		1685
171		2171		157261		1684
172		2171		158020		1685
173		2171		158779		1684
174		2170		159540		1685
175		2171		160298		1684
176		2170		161056		1685
177		2171		161814		1684
178		2169		162571		1683
179		2170		163327		1682
180		2169		164083		1683
181		2170		164839		1682
182		2169		165595		1683
183		2168		166349		1682
184		2166		167100		1683
185		2167		167850		1682
186		2166		168600		1683
187		2167		169350		1682
188		2166		170100		1683
189		2166		170849		1683
190		2164		171598		1685
191		2165		172344		1684
192		2162		173088		1684
193		2163		173830		1683
194		2162		174572		1684
195		2163		175314		1683
196		2162		176056		1684
197		2162		176797		1684
198		2160		177536		1687
199		2160		178273		1686
200		2159		179009		1687
201		2160		179745		1686
202		2158		180480		1687
203		2156		181215		1685
204		2155		181947		1686
205		2156		182679		1685
206		2155		183411		1686
207		2156		184143		1685
208		2155		184875		1686
209		2155		185606		1685
210		2154		186336		1686
211		2155		187066		1685
212		2154		187796		1686
213		2155		188526		1685
214		2153		189258		1686
215		2153		189989		1685
216		2152		190721		1686
217		2152		191455		1685
218		2150		192184		1688
219		2149		192911		1689
220		2150		193639		1689
221		2150		194368		1687
222		2150		195096		1690
223		2149		195822		1687
224		2149		196547		1689
225		2149		197272		1687
226		2149		197997		1689
227		2149		198722		1687
228		2149		199447		1689
229		2149		200174		1688
230		2149		200899		1690
231		2148		201623		1690
232		2148		202346		1692
233		2148		203069		1690
234		2147		203791		1692
235		2147		204514		1690
236		2147		205237		1692
237		2147		205960		1690
238		2146		206685		1691
239		2146		207408		1689
240		2146		208131		1691
241		2146		208854		1689
242		2146		209577		1691
243		2146		210300		1689
244		2146		211024		1691
245		2146		211747		1689
246		2146		212470		1691
247		2146		213193		1689
248		2146		213916		1691
249		2146		214639		1689
250		2146		215362		1691
251		2145		216084		1687
252		2145		216805		1689
253		2145		217526		1687
254		2144		218246		1690
255		2144		218965		1688
256		2144		219684		1690
257		2143		220404		1688
258		2143		221123		1690
259		2143		221842		1688
260		2143		222561		1690
261		2143		223280		1688
262		2143		223999		1690
263		2143		224718		1688
264		2143		225437		1690
265		2143		226156		1688
266		2143		226875		1690
267		2142		227593		1686
268		2142		228310		1688
269		2141		229026		1686
270		2141		229743		1688
271		2141		230460		1686
272		2141		231177		1688
273		2141		231894		1686
274		2141		232611		1688
275		2141		233328		1686
276		2141		234045		1688
277		2141		234762		1686
278		2141		235479		1688
279		2141		236196		1686
280		2141		236913		1688
281		2141		237630		1686
282		2141		238347		1688
283		2141		239064		1686
284		2140		239780		1689
285		2140		240497		1687
286		2140		241213		1689
287		2140		241928		1687
288		2140		242643		1689
289		2140		243358		1687
290		2140		244073		1689
291		2140		244788		1687
292		2140		245503		1689
293		2140		246218		1687
294		2140		246933		1689
295		2140		247650		1687
296		2140		248366		1689
297		2140		249081		1687
298		2140		249796		1689
299		2140		250511		1687
300		2140		251226		1689
301		2140		251941		1687
302		2140		252656		1689
303		2140		253371		1687
304		2140		254086		1689
305		2140		254801		1687
306		2140		255516		1689
307		2140		256231		1687
308		2140		256946		1689
309		2140		257661		1687
310		2140		258376		1689
311		2140		259091		1687
312		2140		259806		1689
313		2140		260521		1687
314		2140		261236		1689
315		2140		261951		1687
316		2140		262666		1689
317		2140		263381		1687
318		2140		264096		1689
319		2140		264811		1687
320		2140		265526		1689
321		2139		266243		1687
322		2139		266958		1689
323		2139		267673		1687
324		2139		268388		1689
325		2139		269103		1687
326		2139		269818		1689
327		2139		270533		1687
328		2139		271248		1689
329		2138		271965		1687
330		2138		272680		1689
331		2138		273395		1687
332		2138		274110		1689
333		2138		274825		1687
334		2138		275540		1689
335		2138		276255		1687
336		2138		276970		1689
337		2138		277685		1687
338		2138		278400		1689
339		2138		279115		1687
340		2137		279829		1687
341		2137		280542		1685
342		2137		281255		1687
343		2137		281968		1685
344		2137		282681		1687
345		2137		283394		1685
346		2137		284107		1687
347		2137		284820		1685
348		2137		285533		1687
349		2137		286246		1685
350		2137		286959		1687
351		2137		287672		1685
352		2137		288385		1687
353		2137		289098		1685
354		2137		289811		1687
355		2137		290524		1685
356		2137		291237		1687
357		2137		291950		1685
358		2137		292663		1687
359		2137		293376		1685
360		2137		294089		1687
361		2137		294802		1685
362		2137		295515		1687
363		2136		296227		1686
364		2136		296938		1688
365		2136		297649		1686
366		2136		298362		1687
367		2136		299074		1687
368		2136		299786		1687
369		2136		300498		1687
370		2136		301210		1687
371		2136		301922		1687
372		2136		302634		1687
373		2136		303346		1687
374		2136		304058		1687
375		2136		304770		1687
376		2136		305482		1687
377		2136		306194		1687
378		2135		306905		1686
379		2135		307615		1686
380		2134		308324		1688
381		2134		309032		1688
382		2134		309740		1688
383		2133		310447		1687
384		2133		311153		1687
385		2133		311859		1687
386		2133		312565		1687
387		2133		313271		1687
388		2133		313977		1687
389		2133		314683		1687
390		2133		315389		1687
391		2133		316095		1687
392		2133		316801		1687
393		2132		317506		1688
394		2132		318210		1688
395		2132		318914		1688
396		2132		319618		1688
397		2132		320322		1688
398		2132		321026		1688
399		2132		321730		1688
400		2132		322434		1688
401		2144		323146		1690
402		2163		323880		1692
403		2171		324631		1693
404		2166		325390		1691
405		2172		326152		1684
406		2174		326931		1683
407		2164		327693		1679
408		2164		328448		1684
409		2160		329212		1683
410		2164		329971		1679
411		2162		330724		1681
412		2160		331480		1677
413		2153		332235		1678
414		2151		332986		1679
415		2151		333734		1681
416		2147		334480		1682
417		2145		335224		1684
418		2146		335965		1684
419		2145		336709		1684
420		2145		337450		1685
421		2144		338192		1685
422		2143		338933		1686
423		2141		339671		1686
424		2141		340407		1686
425		2141		341143		1686
426		2141		341879		1686
427		2141		342615		1686
428		2141		343351		1686
429		2141		344087		1686
430		2141		344823		1686
431		2141		345559		1686
432		2141		346295		1685
433		2141		347031		1685
434		2141		347767		1685
435		2141		348503		1685
436		2141		349239		1685
437		2141		349975		1685
438		2141		350711		1685
439		2140		351450		1687
440		2139		352185		1686
441		2139		352917		1686
442		2138		353650		1686
443		2138		354380		1686
444		2138		355110		1686
445		2138		355840		1686
446		2137		356569		1686
447		2137		357297		1686
448		2137		358025		1686
449		2137		358753		1686
450		2137		359481		1686
451		2137		360209		1686
452		2137		360937		1686
453		2136		361666		1686
454		2136		362392		1686
455		2136		363118		1686
456		2135		363845		1687
457		2135		364569		1687
458		2135		365293		1687
459		2135		366017		1687
460		2135		366741		1687
461		2135		367465		1687
462		2134		368188		1688
463		2133		368911		1687
464		2133		369631		1687
465		2133		370351		1687
466		2132		371070		1687
467		2132		371788		1687
468		2131		372505		1685
469		2131		373223		1685
470		2130		373940		1684
471		2130		374656		1684
472		2130		375372		1684
473		2129		376087		1685
474		2129		376801		1685
475		2129		377515		1685
476		2129		378229		1685
477		2128		378942		1684
478		2128		379654		1684
479		2127		380365		1683
480		2127		381075		1683
481		2127		381785		1683
482		2126		382495		1683
483		2126		383205		1683
484		2125		383914		1684
485		2125		384622		1684
486		2125		385330		1684
487		2125		386038		1684
488		2125		386746		1684
489		2125		387454		1684
490		2125		388162		1684
491		2124		388869		1683
492		2124		389575		1683
493		2124		390281		1683
494		2124		390987		1683
495		2124		391693		1683
496		2124		392399		1683
497		2124		393105		1683
498		2124		393811		1683
499		2124		394517		1683
500		2124		395223		1683
501		2124		395929		1683
502		2124		396635		1683
503		2124		397341		1683
504		2124		398047		1683
505		2124		398753		1683
506		2124		399459		1683
507		2124		400165		1683
508		2123		400870		1684
509		2122		401573		1684
510		2122		402275		1684
511		2120		402977		1684
512		2118		403673		1684
513		2118		404367		1684
514		2118		405061		1684
515		2118		405755		1684
516		2118		406449		1684
517		2117		407142		1683
518		2116		407833		1684
519		2117		408525		1684
520		2117		409218		1684
521		2117		409911		1683
522		2117		410603		1683
523		2116		411294		1682
524		2117		411986		1683
525		2116		412679		1683
526		2116		413372		1683
527		2116		414064		1683
528		2116		414756		1683
529		2116		415448		1683
530		2116		416140		1683
531		2115		416831		1684
532		2115		417521		1684
533		2115		418211		1684
534		2115		418901		1684
535		2115		419591		1684
536		2115		420281		1684
537		2115		420971		1684
538		2115		421661		1684
539		2115		422351		1684
540		2114		423040		1682
541		2114		423728		1682
542		2114		424416		1682
543		2114		425104		1682
544		2114		425792		1682
545		2114		426480		1682
546		2114		427168		1682
547		2113		427857		1682
548		2113		428545		1682
549		2113		429233		1682
550		2113		429921		1682
551		2113		430609		1682
552		2113		431297		1682
553		2113		431985		1682
554		2113		432673		1682
555		2113		433361		1682
556		2113		434049		1682
557		2113		434737		1682
558		2113		435425		1682
559		2113		436113		1682
560		2113		436801		1682
561		2113		437489		1682
562		2113		438177		1682
563		2113		438865		1682
564		2113		439553		1682
565		2113		440241		1682
566		2113		440929		1682
567		2113		441617		1682
568		2113		442305		1682
569		2113		442993		1682
570		2113		443681		1682
571		2113		444369		1682
572		2113		445057		1682
573		2113		445745		1682
574		2113		446433		1682
575		2113		447121		1682
576		2113		447809		1682
577		2113		448497		1682
578		2113		449185		1682
579		2113		449873		1682
580		2113		450561		1682
581		2113		451249		1682
582		2113		451937		1682
583		2113		452625		1682
584		2113		453313		1682
585		2113		454001		1682
586		2113		454689		1682
587		2113		455377		1682
588		2113		456065		1682
589		2113		456753		1682
590		2113		457441		1682
591		2113		458129		1682
592		2113		458817		1682
593		2113		459505		1682
594		2113		460193		1682
595		2113		460881		1682
596		2113		461569		1682
597		2113		462257		1682
598		2113		462945		1682
599		2113		463633		1682
600		2113		464321		1682
601		2113		465009		1682
602		2113		465697		1682
603		2113		466385		1682
604		2113		467073		1682
605		2113		467761		1682
606		2113		468449		1682
607		2113		469137		1682
608		2113		469825		1682
609		2113		470513		1682
610		2113		471201		1682
611		2113		471889		1682
612		2113		472577		1682
613		2113		473265		1682
614		2113		473953		1682
615		2112		474640		1684
616		2112		475326		1684
617		2112		476012		1684
618		2112		476698		1684
619		2112		477384		1684
620		2112		478070		1684
621		2112		478756		1684
622		2112		479442		1684
623		2112		480128		1684
624		2112		480814		1684
625		2112		481500		1684
626		2112		482186		1684
627		2112		482872		1684
628		2112		483558		1684
629		2112		484244		1684
630		2112		484930		1684
631		2112		485616		1684
632		2112		486302		1684
633		2112		486988		1684
634		2112		487674		1684
635		2112		488360		1684
636		2112		489046		1684
637		2112		489732		1684
638		2112		490418		1684
639		2112		491104		1684
640		2112		491790		1684
641		2112		492476		1684
642		2112		493162		1684
643		2112		493848		1684
644		2112		494534		1684
645		2112		495220		1684
646		2112		495906		1684
647		2112		496592		1684
648		2112		497278		1684
649		2112		497964		1684
650		2112		498650		1684
651		2112		499336		1684
652		2112		500022		1684
653		2112		500708		1684
654		2112		501394		1684
655		2112		502080		1684
656		2112		502766		1684
657		2111		503451		1683
658		2111		504135		1683
659		2111		504819		1683
660		2111		505503		1683
661		2111		506187		1683
662		2111		506871		1683
663		2111		507555		1683
664		2111		508239		1683
665		2111		508923		1683
666		2110		509606		1684
667		2110		510288		1684
668		2110		510970		1684
669		2110		511652		1684
670		2110		512334		1684
671		2110		513016		1684
672		2110		513698		1684
673		2110		514380		1684
674		2110		515062		1684
675		2110		515744		1684
676		2110		516426		1684
677		2110		517108		1684
678		2110		517790		1684
679		2110		518472		1684
680		2110		519154		1684
681		2110		519836		1684
682		2110		520518		1684
683		2110		521200		1684
684		2110		521882		1684
685		2110		522564		1684
686		2110		523246		1684
687		2110		523928		1684
688		2110		524610		1684
689		2110		525292		1684
690		2110		525974		1684
691		2110		526656		1684
692		2110		527338		1684
693		2110		528020		1684
694		2110		528702		1684
695		2109		529383		1683
696		2109		530063		1683
697		2109		530743		1683
698		2109		531423		1683
699		2109		532103		1683
700		2109		532783		1683
701		2109		533463		1683
702		2109		534143		1683
703		2109		534823		1683
704		2109		535503		1683
705		2109		536183		1683
706		2109		536863		1683
707		2109		537543		1683
708		2109		538223		1683
709		2108		538904		1685
710		2108		539584		1685
711		2108		540264		1685
712		2108		540944		1685
713		2108		541624		1685
714		2108		542304		1685
715		2108		542984		1685
716		2108		543664		1685
717		2108		544344		1685
718		2108		545024		1685
719		2108		545704		1685
720		2108		546384		1685
721		2107		547063		1683
722		2107		547741		1683
723		2107		548419		1683
724		2107		549097		1683
725		2107		549775		1683
726		2107		550453		1683
727		2107		551131		1683
728		2107		551809		1683
729		2107		552487		1683
730		2106		553164		1684
731		2106		553840		1684
732		2106		554516		1684
733		2106		555192		1684
734		2106		555868		1684
735		2106		556544		1684
736		2106		557220		1684
737		2106		557896		1684
738		2106		558572		1684
739		2106		559248		1684
740		2106		559924		1684
741		2106		560600		1684
742		2106		561276		1684
743		2106		561952		1684
744		2106		562628		1684
745		2106		563304		1684
746		2106		563980		1684
747		2106		564656		1684
748		2106		565332		1684
749		2106		566008		1684
750		2105		566683		1682
751		2105		567357		1682
752		2105		568031		1682
753		2105		568705		1682
754		2105		569379		1682
755		2105		570053		1682
756		2105		570727		1682
757		2105		571401		1682
758		2105		572075		1682
759		2105		572749		1682
760		2105		573423		1682
761		2105		574097		1682
762		2105		574771		1682
763		2105		575445		1682
764		2105		576119		1682
765		2105		576793		1682
766		2104		577468		1684
767		2104		578140		1684
768		2104		578812		1684
769		2104		579484		1684
770		2104		580156		1684
771		2104		580828		1684
772		2103		581499		1684
773		2103		582169		1684
774		2103		582839		1684
775		2103		583509		1684
776		2103		584179		1684
777		2103		584849		1684
778		2103		585519		1684
779		2103		586189		1684
780		2103		586859		1684
781		2103		587529		1684
782		2103		588199		1684
783		2103		588869		1684
784		2103		589539		1684
785		2103		590209		1684
786		2103		590879		1684
787		2103		591549		1684
788		2103		592219		1684
789		2103		592889		1684
790		2103		593559		1684
791		2103		594229		1684
792		2103		594899		1684
793		2103		595569		1684
794		2103		596239		1684
795		2103		596909		1684
796		2103		597579		1684
797		2103		598249		1684
798		2103		598919		1684
799		2103		599589		1684
800		2103		600259		1684
801		2115		600940		1683
802		2127		601632		1684
803		2137		602346		1688
804		2141		603061		1684
805		2139		603779		1687
806		2144		604505		1683
807		2152		605249		1686
808		2150		605994		1685
809		2144		606732		1684
810		2144		607467		1686
811		2139		608201		1690
812		2146		608941		1692
813		2149		609691		1691
814		2150		610443		1691
815		2141		611188		1697
816		2139		611926		1694
817		2135		612662		1696
818		2126		613394		1704
819		2127		614120		1703
820		2127		614841		1702
821		2124		615557		1703
822		2123		616272		1702
823		2121		616993		1700
824		2119		617707		1702
825		2116		618419		1702
826		2112		619129		1702
827		2112		619833		1703
828		2110		620531		1705
829		2109		621228		1704
830		2108		621923		1702
831		2104		622615		1702
832		2103		623306		1701
833		2104		623996		1702
834		2100		624689		1702
835		2100		625373		1702
836		2099		626058		1700
837		2099		626740		1700
838		2099		627422		1700
839		2099		628104		1700
840		2098		628785		1700
841		2098		629467		1700
842		2098		630149		1700
843		2098		630831		1700
844		2097		631514		1700
845		2097		632194		1700
846		2097		632874		1700
847		2097		633554		1700
848		2097		634234		1700
849		2097		634914		1700
850		2097		635594		1700
851		2097		636274		1700
852		2097		636954		1700
853		2097		637634		1700
854		2097		638314		1700
855		2096		638993		1701
856		2096		639671		1701
857		2096		640349		1701
858		2096		641027		1701
859		2096		641705		1701
860		2096		642383		1701
861		2095		643060		1702
862		2095		643736		1702
863		2095		644412		1702
864		2095		645088		1702
865		2095		645764		1702
866		2095		646440		1702
867		2095		647116		1702
868		2095		647792		1702
869		2095		648468		1702
870		2095		649144		1702
871		2095		649820		1702
872		2095		650496		1702
873		2095		651172		1702
874		2095		651848		1702
875		2095		652524		1702
876		2095		653200		1702
877		2095		653876		1702
878		2095		654552		1702
879		2095		655228		1702
880		2095		655904		1702
881		2095		656580		1702
882		2095		657256		1702
883		2095		657932		1702
884		2095		658608		1702
885		2095		659284		1702
886		2095		659960		1702
887		2095		660636		1702
888		2095		661312		1702
889		2095		661988		1702
890		2095		662664		1702
891		2095		663340		1702
892		2095		664016		1702
893		2095		664692		1702
894		2095		665368		1702
895		2095		666044		1702
896		2095		666720		1702
897		2095		667396		1702
898		2095		668072		1702
899		2095		668748		1702
900		2094		669425		1701
901		2094		670099		1701
902		2094		670773		1701
903		2094		671447		1701
904		2093		672120		1701
905		2093		672792		1701
906		2093		673464		1701
907		2093		674136		1701
908		2093		674808		1701
909		2093		675480		1701
910		2093		676152		1701
911		2093		676824		1701
912		2093		677496		1701
913		2093		678168		1701
914		2093		678840		1701
915		2093		679512		1701
916		2093		680184		1701
917		2093		680856		1701
918		2093		681528		1701
919		2093		682200		1701
920		2093		682872		1701
921		2093		683544		1701
922		2093		684216		1701
923		2093		684888		1701
924		2093		685560		1701
925		2093		686232		1701
926		2093		686904		1701
927		2093		687576		1701
928		2092		688247		1700
929		2092		688917		1700
930		2092		689587		1700
931		2092		690257		1700
932		2092		690927		1700
933		2092		691597		1700
934		2092		692267		1700
935		2092		692937		1700
936		2092		693607		1700
937		2092		694277		1700
938		2092		694947		1700
939		2091		695616		1702
940		2091		696284		1702
941		2091		696952		1702
942		2091		697620		1702
943		2091		698288		1702
944		2091		698956		1702
945		2091		699624		1702
946		2091		700292		1702
947		2090		700959		1704
948		2090		701625		1704
949		2090		702291		1704
950		2090		702957		1704
951		2090		703623		1704
952		2090		704289		1704
953		2090		704955		1704
954		2090		705621		1704
955		2090		706287		1704
956		2090		706953		1704
957		2090		707619		1704
958		2090		708285		1704
959		2090		708951		1704
960		2090		709617		1704
961		2090		710283		1704
962		2090		710949		1704
963		2090		711615		1704
964		2090		712281		1704
965		2090		712947		1704
966		2090		713613		1704
967		2090		714279		1704
968		2090		714945		1704
969		2090		715611		1704
970		2090		716277		1704
971		2090		716943		1704
972		2090		717609		1704
973		2090		718275		1704
974		2089		718940		1703
975		2089		719604		1703
976		2089		720268		1703
977		2089		720932		1703
978		2089		721596		1703
979		2089		722260		1703
980		2089		722924		1703
981		2089		723588		1703
982		2089		724252		1703
983		2088		724915		1702
984		2088		725577		1702
985		2088		726239		1702
986		2088		726901		1702
987		2088		727563		1702
988		2088		728225		1702
989		2088		728887		1702
990		2088		729549		1702
991		2088		730211		1702
992		2088		730873		1702
993		2088		731535		1702
994		2088		732197		1702
995		2088		732859		1702
996		2088		733521		1702
997		2088		734183		1702
998		2088		734845		1702
999		2088		735507		1702
