# Migration is number of nodes that have changed color.

Round		Edge-Cut		Swaps		Migrations		Skipped
0		3302		2321		1572
1		2983		2486		1613
2		2889		2534		1621
3		2856		2553		1628
4		2813		2570		1630
5		2805		2575		1631
6		2797		2579		1631
7		2784		2584		1630
8		2776		2587		1632
9		2776		2587		1632
10		2772		2589		1631
11		2767		2591		1633
12		2767		2591		1633
13		2767		2591		1633
14		2765		2592		1632
15		2763		2593		1633
16		2761		2594		1635
17		2761		2594		1635
18		2761		2594		1635
19		2761		2594		1635
20		2761		2594		1635
21		2761		2594		1635
22		2761		2594		1635
23		2761		2594		1635
24		2761		2594		1635
25		2761		2594		1635
26		2761		2594		1635
27		2759		2595		1635
28		2759		2595		1635
29		2759		2595		1635
30		2759		2595		1635
31		2759		2595		1635
32		2759		2595		1635
33		2759		2595		1635
34		2759		2595		1635
35		2759		2595		1635
36		2759		2595		1635
37		2759		2595		1635
38		2759		2595		1635
39		2759		2595		1635
40		2759		2595		1635
41		2759		2595		1635
42		2759		2595		1635
43		2759		2595		1635
44		2759		2595		1635
45		2759		2595		1635
46		2759		2595		1635
47		2759		2595		1635
48		2759		2595		1635
49		2759		2595		1635
50		2759		2595		1635
51		2759		2595		1635
52		2759		2595		1635
53		2759		2595		1635
54		2759		2595		1635
55		2759		2595		1635
56		2759		2595		1635
57		2759		2595		1635
58		2759		2595		1635
59		2759		2595		1635
60		2759		2595		1635
61		2759		2595		1635
62		2759		2595		1635
63		2759		2595		1635
64		2759		2595		1635
65		2759		2595		1635
66		2759		2595		1635
67		2759		2595		1635
68		2759		2595		1635
69		2759		2595		1635
70		2759		2595		1635
71		2759		2595		1635
72		2759		2595		1635
73		2759		2595		1635
74		2759		2595		1635
75		2759		2595		1635
76		2759		2595		1635
77		2759		2595		1635
78		2759		2595		1635
79		2759		2595		1635
80		2759		2595		1635
81		2759		2595		1635
82		2759		2595		1635
83		2759		2595		1635
84		2759		2595		1635
85		2759		2595		1635
86		2759		2595		1635
87		2759		2595		1635
88		2759		2595		1635
89		2759		2595		1635
90		2759		2595		1635
91		2759		2595		1635
92		2759		2595		1635
93		2759		2595		1635
94		2759		2595		1635
95		2759		2595		1635
96		2759		2595		1635
97		2759		2595		1635
98		2759		2595		1635
99		2759		2595		1635
100		2759		2595		1635
101		2759		2595		1635
102		2759		2595		1635
103		2759		2595		1635
104		2759		2595		1635
105		2759		2595		1635
106		2759		2595		1635
107		2759		2595		1635
108		2759		2595		1635
109		2759		2595		1635
110		2759		2595		1635
111		2759		2595		1635
112		2759		2595		1635
113		2759		2595		1635
114		2759		2595		1635
115		2759		2595		1635
116		2759		2595		1635
117		2759		2595		1635
118		2759		2595		1635
119		2759		2595		1635
120		2759		2595		1635
121		2759		2595		1635
122		2759		2595		1635
123		2759		2595		1635
124		2759		2595		1635
125		2759		2595		1635
126		2759		2595		1635
127		2759		2595		1635
128		2759		2595		1635
129		2759		2595		1635
130		2759		2595		1635
131		2759		2595		1635
132		2759		2595		1635
133		2759		2595		1635
134		2759		2595		1635
135		2759		2595		1635
136		2759		2595		1635
137		2759		2595		1635
138		2759		2595		1635
139		2759		2595		1635
140		2759		2595		1635
141		2759		2595		1635
142		2759		2595		1635
143		2759		2595		1635
144		2759		2595		1635
145		2759		2595		1635
146		2759		2595		1635
147		2759		2595		1635
148		2759		2595		1635
149		2759		2595		1635
150		2759		2595		1635
151		2759		2595		1635
152		2759		2595		1635
153		2759		2595		1635
154		2759		2595		1635
155		2759		2595		1635
156		2759		2595		1635
157		2759		2595		1635
158		2759		2595		1635
159		2759		2595		1635
160		2759		2595		1635
161		2759		2595		1635
162		2759		2595		1635
163		2759		2595		1635
164		2759		2595		1635
165		2759		2595		1635
166		2759		2595		1635
167		2759		2595		1635
168		2759		2595		1635
169		2759		2595		1635
170		2759		2595		1635
171		2759		2595		1635
172		2759		2595		1635
173		2759		2595		1635
174		2759		2595		1635
175		2759		2595		1635
176		2759		2595		1635
177		2759		2595		1635
178		2759		2595		1635
179		2759		2595		1635
180		2759		2595		1635
181		2759		2595		1635
182		2759		2595		1635
183		2759		2595		1635
184		2759		2595		1635
185		2759		2595		1635
186		2759		2595		1635
187		2759		2595		1635
188		2759		2595		1635
189		2759		2595		1635
190		2759		2595		1635
191		2759		2595		1635
192		2759		2595		1635
193		2759		2595		1635
194		2759		2595		1635
195		2759		2595		1635
196		2759		2595		1635
197		2759		2595		1635
198		2759		2595		1635
199		2759		2595		1635
200		2759		2595		1635
201		2759		2595		1635
202		2759		2595		1635
203		2759		2595		1635
204		2759		2595		1635
205		2759		2595		1635
206		2759		2595		1635
207		2759		2595		1635
208		2759		2595		1635
209		2759		2595		1635
210		2759		2595		1635
211		2759		2595		1635
212		2759		2595		1635
213		2759		2595		1635
214		2759		2595		1635
215		2759		2595		1635
216		2759		2595		1635
217		2759		2595		1635
218		2759		2595		1635
219		2759		2595		1635
220		2759		2595		1635
221		2759		2595		1635
222		2759		2595		1635
223		2759		2595		1635
224		2759		2595		1635
225		2759		2595		1635
226		2759		2595		1635
227		2759		2595		1635
228		2759		2595		1635
229		2759		2595		1635
230		2759		2595		1635
231		2759		2595		1635
232		2759		2595		1635
233		2759		2595		1635
234		2759		2595		1635
235		2759		2595		1635
236		2759		2595		1635
237		2759		2595		1635
238		2759		2595		1635
239		2759		2595		1635
240		2759		2595		1635
241		2759		2595		1635
242		2759		2595		1635
243		2759		2595		1635
244		2759		2595		1635
245		2759		2595		1635
246		2759		2595		1635
247		2759		2595		1635
248		2759		2595		1635
249		2759		2595		1635
250		2759		2595		1635
251		2759		2595		1635
252		2759		2595		1635
253		2759		2595		1635
254		2759		2595		1635
255		2759		2595		1635
256		2759		2595		1635
257		2759		2595		1635
258		2759		2595		1635
259		2759		2595		1635
260		2759		2595		1635
261		2759		2595		1635
262		2759		2595		1635
263		2759		2595		1635
264		2759		2595		1635
265		2759		2595		1635
266		2759		2595		1635
267		2759		2595		1635
268		2759		2595		1635
269		2759		2595		1635
270		2759		2595		1635
271		2759		2595		1635
272		2759		2595		1635
273		2759		2595		1635
274		2759		2595		1635
275		2759		2595		1635
276		2759		2595		1635
277		2759		2595		1635
278		2759		2595		1635
279		2759		2595		1635
280		2759		2595		1635
281		2759		2595		1635
282		2759		2595		1635
283		2759		2595		1635
284		2759		2595		1635
285		2759		2595		1635
286		2759		2595		1635
287		2759		2595		1635
288		2759		2595		1635
289		2759		2595		1635
290		2759		2595		1635
291		2759		2595		1635
292		2759		2595		1635
293		2759		2595		1635
294		2759		2595		1635
295		2759		2595		1635
296		2759		2595		1635
297		2759		2595		1635
298		2759		2595		1635
299		2759		2595		1635
300		2759		2595		1635
301		2759		2595		1635
302		2759		2595		1635
303		2759		2595		1635
304		2759		2595		1635
305		2759		2595		1635
306		2759		2595		1635
307		2759		2595		1635
308		2759		2595		1635
309		2759		2595		1635
310		2759		2595		1635
311		2759		2595		1635
312		2759		2595		1635
313		2759		2595		1635
314		2759		2595		1635
315		2759		2595		1635
316		2759		2595		1635
317		2759		2595		1635
318		2759		2595		1635
319		2759		2595		1635
320		2759		2595		1635
321		2759		2595		1635
322		2759		2595		1635
323		2759		2595		1635
324		2759		2595		1635
325		2759		2595		1635
326		2759		2595		1635
327		2759		2595		1635
328		2759		2595		1635
329		2759		2595		1635
330		2759		2595		1635
331		2759		2595		1635
332		2759		2595		1635
333		2759		2595		1635
334		2759		2595		1635
335		2759		2595		1635
336		2759		2595		1635
337		2759		2595		1635
338		2759		2595		1635
339		2759		2595		1635
340		2759		2595		1635
341		2759		2595		1635
342		2759		2595		1635
343		2759		2595		1635
344		2759		2595		1635
345		2759		2595		1635
346		2759		2595		1635
347		2759		2595		1635
348		2759		2595		1635
349		2759		2595		1635
350		2759		2595		1635
351		2759		2595		1635
352		2759		2595		1635
353		2759		2595		1635
354		2759		2595		1635
355		2759		2595		1635
356		2759		2595		1635
357		2759		2595		1635
358		2759		2595		1635
359		2759		2595		1635
360		2759		2595		1635
361		2759		2595		1635
362		2759		2595		1635
363		2759		2595		1635
364		2759		2595		1635
365		2759		2595		1635
366		2759		2595		1635
367		2759		2595		1635
368		2759		2595		1635
369		2759		2595		1635
370		2759		2595		1635
371		2759		2595		1635
372		2759		2595		1635
373		2759		2595		1635
374		2759		2595		1635
375		2759		2595		1635
376		2759		2595		1635
377		2759		2595		1635
378		2759		2595		1635
379		2759		2595		1635
380		2759		2595		1635
381		2759		2595		1635
382		2759		2595		1635
383		2759		2595		1635
384		2759		2595		1635
385		2759		2595		1635
386		2759		2595		1635
387		2759		2595		1635
388		2759		2595		1635
389		2759		2595		1635
390		2759		2595		1635
391		2759		2595		1635
392		2759		2595		1635
393		2759		2595		1635
394		2759		2595		1635
395		2759		2595		1635
396		2759		2595		1635
397		2759		2595		1635
398		2759		2595		1635
399		2759		2595		1635
400		2583		4744		1690
401		2426		4826		1695
402		2368		4855		1694
403		2343		4870		1696
404		2328		4880		1696
405		2314		4886		1697
406		2308		4889		1698
407		2307		4890		1699
408		2307		4890		1699
409		2306		4891		1701
410		2302		4893		1704
411		2302		4893		1704
412		2300		4894		1702
413		2299		4895		1702
414		2299		4895		1702
415		2299		4895		1702
416		2299		4895		1702
417		2299		4895		1702
418		2299		4895		1702
419		2299		4895		1702
420		2299		4895		1702
421		2299		4895		1702
422		2299		4895		1702
423		2299		4895		1702
424		2299		4895		1702
425		2299		4895		1702
426		2299		4895		1702
427		2299		4895		1702
428		2299		4895		1702
429		2299		4895		1702
430		2299		4895		1702
431		2299		4895		1702
432		2299		4895		1702
433		2299		4895		1702
434		2299		4895		1702
435		2299		4895		1702
436		2299		4895		1702
437		2299		4895		1702
438		2299		4895		1702
439		2299		4895		1702
440		2299		4895		1702
441		2299		4895		1702
442		2299		4895		1702
443		2299		4895		1702
444		2299		4895		1702
445		2299		4895		1702
446		2299		4895		1702
447		2299		4895		1702
448		2299		4895		1702
449		2299		4895		1702
450		2299		4895		1702
451		2299		4895		1702
452		2299		4895		1702
453		2299		4895		1702
454		2299		4895		1702
455		2299		4895		1702
456		2299		4895		1702
457		2299		4895		1702
458		2299		4895		1702
459		2299		4895		1702
460		2299		4895		1702
461		2299		4895		1702
462		2299		4895		1702
463		2299		4895		1702
464		2299		4895		1702
465		2299		4895		1702
466		2299		4895		1702
467		2299		4895		1702
468		2299		4895		1702
469		2299		4895		1702
470		2299		4895		1702
471		2299		4895		1702
472		2299		4895		1702
473		2299		4895		1702
474		2299		4895		1702
475		2299		4895		1702
476		2299		4895		1702
477		2299		4895		1702
478		2299		4895		1702
479		2299		4895		1702
480		2299		4895		1702
481		2299		4895		1702
482		2299		4895		1702
483		2299		4895		1702
484		2299		4895		1702
485		2299		4895		1702
486		2299		4895		1702
487		2299		4895		1702
488		2299		4895		1702
489		2299		4895		1702
490		2299		4895		1702
491		2299		4895		1702
492		2299		4895		1702
493		2299		4895		1702
494		2299		4895		1702
495		2299		4895		1702
496		2299		4895		1702
497		2299		4895		1702
498		2299		4895		1702
499		2299		4895		1702
500		2299		4895		1702
501		2299		4895		1702
502		2299		4895		1702
503		2299		4895		1702
504		2299		4895		1702
505		2299		4895		1702
506		2299		4895		1702
507		2299		4895		1702
508		2299		4895		1702
509		2299		4895		1702
510		2299		4895		1702
511		2299		4895		1702
512		2299		4895		1702
513		2299		4895		1702
514		2299		4895		1702
515		2299		4895		1702
516		2299		4895		1702
517		2299		4895		1702
518		2299		4895		1702
519		2299		4895		1702
520		2299		4895		1702
521		2299		4895		1702
522		2299		4895		1702
523		2299		4895		1702
524		2299		4895		1702
525		2299		4895		1702
526		2299		4895		1702
527		2299		4895		1702
528		2299		4895		1702
529		2299		4895		1702
530		2299		4895		1702
531		2299		4895		1702
532		2299		4895		1702
533		2299		4895		1702
534		2299		4895		1702
535		2299		4895		1702
536		2299		4895		1702
537		2299		4895		1702
538		2299		4895		1702
539		2299		4895		1702
540		2299		4895		1702
541		2299		4895		1702
542		2299		4895		1702
543		2299		4895		1702
544		2299		4895		1702
545		2299		4895		1702
546		2299		4895		1702
547		2299		4895		1702
548		2299		4895		1702
549		2299		4895		1702
550		2299		4895		1702
551		2299		4895		1702
552		2299		4895		1702
553		2299		4895		1702
554		2299		4895		1702
555		2299		4895		1702
556		2299		4895		1702
557		2299		4895		1702
558		2299		4895		1702
559		2299		4895		1702
560		2299		4895		1702
561		2299		4895		1702
562		2299		4895		1702
563		2299		4895		1702
564		2299		4895		1702
565		2299		4895		1702
566		2299		4895		1702
567		2299		4895		1702
568		2299		4895		1702
569		2299		4895		1702
570		2299		4895		1702
571		2299		4895		1702
572		2299		4895		1702
573		2299		4895		1702
574		2299		4895		1702
575		2299		4895		1702
576		2299		4895		1702
577		2299		4895		1702
578		2299		4895		1702
579		2299		4895		1702
580		2299		4895		1702
581		2299		4895		1702
582		2299		4895		1702
583		2299		4895		1702
584		2299		4895		1702
585		2299		4895		1702
586		2299		4895		1702
587		2299		4895		1702
588		2299		4895		1702
589		2299		4895		1702
590		2299		4895		1702
591		2299		4895		1702
592		2299		4895		1702
593		2299		4895		1702
594		2299		4895		1702
595		2299		4895		1702
596		2299		4895		1702
597		2299		4895		1702
598		2299		4895		1702
599		2299		4895		1702
600		2299		4895		1702
601		2299		4895		1702
602		2299		4895		1702
603		2299		4895		1702
604		2299		4895		1702
605		2299		4895		1702
606		2299		4895		1702
607		2299		4895		1702
608		2299		4895		1702
609		2299		4895		1702
610		2299		4895		1702
611		2299		4895		1702
612		2299		4895		1702
613		2299		4895		1702
614		2299		4895		1702
615		2299		4895		1702
616		2299		4895		1702
617		2299		4895		1702
618		2299		4895		1702
619		2299		4895		1702
620		2299		4895		1702
621		2299		4895		1702
622		2299		4895		1702
623		2299		4895		1702
624		2299		4895		1702
625		2299		4895		1702
626		2299		4895		1702
627		2299		4895		1702
628		2299		4895		1702
629		2299		4895		1702
630		2299		4895		1702
631		2299		4895		1702
632		2299		4895		1702
633		2299		4895		1702
634		2299		4895		1702
635		2299		4895		1702
636		2299		4895		1702
637		2299		4895		1702
638		2299		4895		1702
639		2299		4895		1702
640		2299		4895		1702
641		2299		4895		1702
642		2299		4895		1702
643		2299		4895		1702
644		2299		4895		1702
645		2299		4895		1702
646		2299		4895		1702
647		2299		4895		1702
648		2299		4895		1702
649		2299		4895		1702
650		2299		4895		1702
651		2299		4895		1702
652		2299		4895		1702
653		2299		4895		1702
654		2299		4895		1702
655		2299		4895		1702
656		2299		4895		1702
657		2299		4895		1702
658		2299		4895		1702
659		2299		4895		1702
660		2299		4895		1702
661		2299		4895		1702
662		2299		4895		1702
663		2299		4895		1702
664		2299		4895		1702
665		2299		4895		1702
666		2299		4895		1702
667		2299		4895		1702
668		2299		4895		1702
669		2299		4895		1702
670		2299		4895		1702
671		2299		4895		1702
672		2299		4895		1702
673		2299		4895		1702
674		2299		4895		1702
675		2299		4895		1702
676		2299		4895		1702
677		2299		4895		1702
678		2299		4895		1702
679		2299		4895		1702
680		2299		4895		1702
681		2299		4895		1702
682		2299		4895		1702
683		2299		4895		1702
684		2299		4895		1702
685		2299		4895		1702
686		2299		4895		1702
687		2299		4895		1702
688		2299		4895		1702
689		2299		4895		1702
690		2299		4895		1702
691		2299		4895		1702
692		2299		4895		1702
693		2299		4895		1702
694		2299		4895		1702
695		2299		4895		1702
696		2299		4895		1702
697		2299		4895		1702
698		2299		4895		1702
699		2299		4895		1702
700		2299		4895		1702
701		2299		4895		1702
702		2299		4895		1702
703		2299		4895		1702
704		2299		4895		1702
705		2299		4895		1702
706		2299		4895		1702
707		2299		4895		1702
708		2299		4895		1702
709		2299		4895		1702
710		2299		4895		1702
711		2299		4895		1702
712		2299		4895		1702
713		2299		4895		1702
714		2299		4895		1702
715		2299		4895		1702
716		2299		4895		1702
717		2299		4895		1702
718		2299		4895		1702
719		2299		4895		1702
720		2299		4895		1702
721		2299		4895		1702
722		2299		4895		1702
723		2299		4895		1702
724		2299		4895		1702
725		2299		4895		1702
726		2299		4895		1702
727		2299		4895		1702
728		2299		4895		1702
729		2299		4895		1702
730		2299		4895		1702
731		2299		4895		1702
732		2299		4895		1702
733		2299		4895		1702
734		2299		4895		1702
735		2299		4895		1702
736		2299		4895		1702
737		2299		4895		1702
738		2299		4895		1702
739		2299		4895		1702
740		2299		4895		1702
741		2299		4895		1702
742		2299		4895		1702
743		2299		4895		1702
744		2299		4895		1702
745		2299		4895		1702
746		2299		4895		1702
747		2299		4895		1702
748		2299		4895		1702
749		2299		4895		1702
750		2299		4895		1702
751		2299		4895		1702
752		2299		4895		1702
753		2299		4895		1702
754		2299		4895		1702
755		2299		4895		1702
756		2299		4895		1702
757		2299		4895		1702
758		2299		4895		1702
759		2299		4895		1702
760		2299		4895		1702
761		2299		4895		1702
762		2299		4895		1702
763		2299		4895		1702
764		2299		4895		1702
765		2299		4895		1702
766		2299		4895		1702
767		2299		4895		1702
768		2299		4895		1702
769		2299		4895		1702
770		2299		4895		1702
771		2299		4895		1702
772		2299		4895		1702
773		2299		4895		1702
774		2299		4895		1702
775		2299		4895		1702
776		2299		4895		1702
777		2299		4895		1702
778		2299		4895		1702
779		2299		4895		1702
780		2299		4895		1702
781		2299		4895		1702
782		2299		4895		1702
783		2299		4895		1702
784		2299		4895		1702
785		2299		4895		1702
786		2299		4895		1702
787		2299		4895		1702
788		2299		4895		1702
789		2299		4895		1702
790		2299		4895		1702
791		2299		4895		1702
792		2299		4895		1702
793		2299		4895		1702
794		2299		4895		1702
795		2299		4895		1702
796		2299		4895		1702
797		2299		4895		1702
798		2299		4895		1702
799		2299		4895		1702
800		2283		6997		1723
801		2216		7040		1724
802		2193		7057		1722
803		2187		7060		1720
804		2168		7068		1725
805		2153		7075		1727
806		2147		7079		1726
807		2143		7081		1728
808		2143		7081		1728
809		2143		7081		1728
810		2143		7081		1728
811		2143		7081		1728
812		2143		7081		1728
813		2141		7082		1728
814		2141		7082		1728
815		2141		7082		1728
816		2141		7082		1728
817		2141		7082		1728
818		2141		7082		1728
819		2141		7082		1728
820		2141		7082		1728
821		2141		7082		1728
822		2141		7082		1728
823		2141		7082		1728
824		2141		7082		1728
825		2141		7082		1728
826		2141		7082		1728
827		2141		7082		1728
828		2141		7082		1728
829		2141		7082		1728
830		2141		7082		1728
831		2141		7082		1728
832		2141		7082		1728
833		2141		7082		1728
834		2141		7082		1728
835		2141		7082		1728
836		2141		7082		1728
837		2141		7082		1728
838		2141		7082		1728
839		2141		7082		1728
840		2141		7082		1728
841		2141		7082		1728
842		2141		7082		1728
843		2141		7082		1728
844		2141		7082		1728
845		2141		7082		1728
846		2141		7082		1728
847		2141		7082		1728
848		2141		7082		1728
849		2141		7082		1728
850		2141		7082		1728
851		2141		7082		1728
852		2141		7082		1728
853		2141		7082		1728
854		2141		7082		1728
855		2141		7082		1728
856		2141		7082		1728
857		2141		7082		1728
858		2141		7082		1728
859		2141		7082		1728
860		2141		7082		1728
861		2141		7082		1728
862		2141		7082		1728
863		2141		7082		1728
864		2141		7082		1728
865		2141		7082		1728
866		2141		7082		1728
867		2141		7082		1728
868		2141		7082		1728
869		2141		7082		1728
870		2141		7082		1728
871		2141		7082		1728
872		2141		7082		1728
873		2141		7082		1728
874		2141		7082		1728
875		2141		7082		1728
876		2141		7082		1728
877		2141		7082		1728
878		2141		7082		1728
879		2141		7082		1728
880		2141		7082		1728
881		2141		7082		1728
882		2141		7082		1728
883		2141		7082		1728
884		2141		7082		1728
885		2141		7082		1728
886		2141		7082		1728
887		2141		7082		1728
888		2141		7082		1728
889		2141		7082		1728
890		2141		7082		1728
891		2141		7082		1728
892		2141		7082		1728
893		2141		7082		1728
894		2141		7082		1728
895		2141		7082		1728
896		2141		7082		1728
897		2141		7082		1728
898		2141		7082		1728
899		2141		7082		1728
900		2141		7082		1728
901		2141		7082		1728
902		2141		7082		1728
903		2141		7082		1728
904		2141		7082		1728
905		2141		7082		1728
906		2141		7082		1728
907		2141		7082		1728
908		2141		7082		1728
909		2141		7082		1728
910		2141		7082		1728
911		2141		7082		1728
912		2141		7082		1728
913		2141		7082		1728
914		2141		7082		1728
915		2141		7082		1728
916		2141		7082		1728
917		2141		7082		1728
918		2141		7082		1728
919		2141		7082		1728
920		2141		7082		1728
921		2141		7082		1728
922		2141		7082		1728
923		2141		7082		1728
924		2141		7082		1728
925		2141		7082		1728
926		2141		7082		1728
927		2141		7082		1728
928		2141		7082		1728
929		2141		7082		1728
930		2141		7082		1728
931		2141		7082		1728
932		2141		7082		1728
933		2141		7082		1728
934		2141		7082		1728
935		2141		7082		1728
936		2141		7082		1728
937		2141		7082		1728
938		2141		7082		1728
939		2141		7082		1728
940		2141		7082		1728
941		2141		7082		1728
942		2141		7082		1728
943		2141		7082		1728
944		2141		7082		1728
945		2141		7082		1728
946		2141		7082		1728
947		2141		7082		1728
948		2141		7082		1728
949		2141		7082		1728
950		2141		7082		1728
951		2141		7082		1728
952		2141		7082		1728
953		2141		7082		1728
954		2141		7082		1728
955		2141		7082		1728
956		2141		7082		1728
957		2141		7082		1728
958		2141		7082		1728
959		2141		7082		1728
960		2141		7082		1728
961		2141		7082		1728
962		2141		7082		1728
963		2141		7082		1728
964		2141		7082		1728
965		2141		7082		1728
966		2141		7082		1728
967		2141		7082		1728
968		2141		7082		1728
969		2141		7082		1728
970		2141		7082		1728
971		2141		7082		1728
972		2141		7082		1728
973		2141		7082		1728
974		2141		7082		1728
975		2141		7082		1728
976		2141		7082		1728
977		2141		7082		1728
978		2141		7082		1728
979		2141		7082		1728
980		2141		7082		1728
981		2141		7082		1728
982		2141		7082		1728
983		2141		7082		1728
984		2141		7082		1728
985		2141		7082		1728
986		2141		7082		1728
987		2141		7082		1728
988		2141		7082		1728
989		2141		7082		1728
990		2141		7082		1728
991		2141		7082		1728
992		2141		7082		1728
993		2141		7082		1728
994		2141		7082		1728
995		2141		7082		1728
996		2141		7082		1728
997		2141		7082		1728
998		2141		7082		1728
999		2141		7082		1728
1000		2141		7082		1728
1001		2141		7082		1728
1002		2141		7082		1728
1003		2141		7082		1728
1004		2141		7082		1728
1005		2141		7082		1728
1006		2141		7082		1728
1007		2141		7082		1728
1008		2141		7082		1728
1009		2141		7082		1728
1010		2141		7082		1728
1011		2141		7082		1728
1012		2141		7082		1728
1013		2141		7082		1728
1014		2141		7082		1728
1015		2141		7082		1728
1016		2141		7082		1728
1017		2141		7082		1728
1018		2141		7082		1728
1019		2141		7082		1728
1020		2141		7082		1728
1021		2141		7082		1728
1022		2141		7082		1728
1023		2141		7082		1728
1024		2141		7082		1728
1025		2141		7082		1728
1026		2141		7082		1728
1027		2141		7082		1728
1028		2141		7082		1728
1029		2141		7082		1728
1030		2141		7082		1728
1031		2141		7082		1728
1032		2141		7082		1728
1033		2141		7082		1728
1034		2141		7082		1728
1035		2141		7082		1728
1036		2141		7082		1728
1037		2141		7082		1728
1038		2141		7082		1728
1039		2141		7082		1728
1040		2141		7082		1728
1041		2141		7082		1728
1042		2141		7082		1728
1043		2141		7082		1728
1044		2141		7082		1728
1045		2141		7082		1728
1046		2141		7082		1728
1047		2141		7082		1728
1048		2141		7082		1728
1049		2141		7082		1728
1050		2141		7082		1728
1051		2141		7082		1728
1052		2141		7082		1728
1053		2141		7082		1728
1054		2141		7082		1728
1055		2141		7082		1728
1056		2141		7082		1728
1057		2141		7082		1728
1058		2141		7082		1728
1059		2141		7082		1728
1060		2141		7082		1728
1061		2141		7082		1728
1062		2141		7082		1728
1063		2141		7082		1728
1064		2141		7082		1728
1065		2141		7082		1728
1066		2141		7082		1728
1067		2141		7082		1728
1068		2141		7082		1728
1069		2141		7082		1728
1070		2141		7082		1728
1071		2141		7082		1728
1072		2141		7082		1728
1073		2141		7082		1728
1074		2141		7082		1728
1075		2141		7082		1728
1076		2141		7082		1728
1077		2141		7082		1728
1078		2141		7082		1728
1079		2141		7082		1728
1080		2141		7082		1728
1081		2141		7082		1728
1082		2141		7082		1728
1083		2141		7082		1728
1084		2141		7082		1728
1085		2141		7082		1728
1086		2141		7082		1728
1087		2141		7082		1728
1088		2141		7082		1728
1089		2141		7082		1728
1090		2141		7082		1728
1091		2141		7082		1728
1092		2141		7082		1728
1093		2141		7082		1728
1094		2141		7082		1728
1095		2141		7082		1728
1096		2141		7082		1728
1097		2141		7082		1728
1098		2141		7082		1728
1099		2141		7082		1728
1100		2141		7082		1728
1101		2141		7082		1728
1102		2141		7082		1728
1103		2141		7082		1728
1104		2141		7082		1728
1105		2141		7082		1728
1106		2141		7082		1728
1107		2141		7082		1728
1108		2141		7082		1728
1109		2141		7082		1728
1110		2141		7082		1728
1111		2141		7082		1728
1112		2141		7082		1728
1113		2141		7082		1728
1114		2141		7082		1728
1115		2141		7082		1728
1116		2141		7082		1728
1117		2141		7082		1728
1118		2141		7082		1728
1119		2141		7082		1728
1120		2141		7082		1728
1121		2141		7082		1728
1122		2141		7082		1728
1123		2141		7082		1728
1124		2141		7082		1728
1125		2141		7082		1728
1126		2141		7082		1728
1127		2141		7082		1728
1128		2141		7082		1728
1129		2141		7082		1728
1130		2141		7082		1728
1131		2141		7082		1728
1132		2141		7082		1728
1133		2141		7082		1728
1134		2141		7082		1728
1135		2141		7082		1728
1136		2141		7082		1728
1137		2141		7082		1728
1138		2141		7082		1728
1139		2141		7082		1728
1140		2141		7082		1728
1141		2141		7082		1728
1142		2141		7082		1728
1143		2141		7082		1728
1144		2141		7082		1728
1145		2141		7082		1728
1146		2141		7082		1728
1147		2141		7082		1728
1148		2141		7082		1728
1149		2141		7082		1728
1150		2141		7082		1728
1151		2141		7082		1728
1152		2141		7082		1728
1153		2141		7082		1728
1154		2141		7082		1728
1155		2141		7082		1728
1156		2141		7082		1728
1157		2141		7082		1728
1158		2141		7082		1728
1159		2141		7082		1728
1160		2141		7082		1728
1161		2141		7082		1728
1162		2141		7082		1728
1163		2141		7082		1728
1164		2141		7082		1728
1165		2141		7082		1728
1166		2141		7082		1728
1167		2141		7082		1728
1168		2141		7082		1728
1169		2141		7082		1728
1170		2141		7082		1728
1171		2141		7082		1728
1172		2141		7082		1728
1173		2141		7082		1728
1174		2141		7082		1728
1175		2141		7082		1728
1176		2141		7082		1728
1177		2141		7082		1728
1178		2141		7082		1728
1179		2141		7082		1728
1180		2141		7082		1728
1181		2141		7082		1728
1182		2141		7082		1728
1183		2141		7082		1728
1184		2141		7082		1728
1185		2141		7082		1728
1186		2141		7082		1728
1187		2141		7082		1728
1188		2141		7082		1728
1189		2141		7082		1728
1190		2141		7082		1728
1191		2141		7082		1728
1192		2141		7082		1728
1193		2141		7082		1728
1194		2141		7082		1728
1195		2141		7082		1728
1196		2141		7082		1728
1197		2141		7082		1728
1198		2141		7082		1728
1199		2141		7082		1728
1200		2197		9223		1746
1201		2114		9280		1753
1202		2071		9301		1760
1203		2053		9311		1760
1204		2046		9316		1759
1205		2044		9318		1760
1206		2042		9319		1761
1207		2039		9320		1761
1208		2036		9321		1760
1209		2036		9321		1760
1210		2036		9321		1760
1211		2036		9321		1760
1212		2036		9321		1760
1213		2036		9321		1760
1214		2036		9321		1760
1215		2036		9321		1760
1216		2036		9321		1760
1217		2036		9321		1760
1218		2034		9322		1761
1219		2034		9322		1761
1220		2034		9322		1761
1221		2034		9322		1761
1222		2034		9322		1761
1223		2034		9322		1761
1224		2034		9322		1761
1225		2034		9322		1761
1226		2034		9322		1761
1227		2034		9322		1761
1228		2034		9322		1761
1229		2034		9322		1761
1230		2034		9322		1761
1231		2034		9322		1761
1232		2034		9322		1761
1233		2034		9322		1761
1234		2034		9322		1761
1235		2034		9322		1761
1236		2034		9322		1761
1237		2034		9322		1761
1238		2034		9322		1761
1239		2034		9322		1761
1240		2034		9322		1761
1241		2034		9322		1761
1242		2034		9322		1761
1243		2034		9322		1761
1244		2034		9322		1761
1245		2034		9322		1761
1246		2034		9322		1761
1247		2034		9322		1761
1248		2034		9322		1761
1249		2034		9322		1761
1250		2034		9322		1761
1251		2034		9322		1761
1252		2034		9322		1761
1253		2034		9322		1761
1254		2034		9322		1761
1255		2034		9322		1761
1256		2034		9322		1761
1257		2034		9322		1761
1258		2034		9322		1761
1259		2034		9322		1761
1260		2034		9322		1761
1261		2034		9322		1761
1262		2034		9322		1761
1263		2034		9322		1761
1264		2034		9322		1761
1265		2034		9322		1761
1266		2034		9322		1761
1267		2034		9322		1761
1268		2034		9322		1761
1269		2034		9322		1761
1270		2034		9322		1761
1271		2034		9322		1761
1272		2034		9322		1761
1273		2034		9322		1761
1274		2034		9322		1761
1275		2034		9322		1761
1276		2034		9322		1761
1277		2034		9322		1761
1278		2034		9322		1761
1279		2034		9322		1761
1280		2034		9322		1761
1281		2034		9322		1761
1282		2034		9322		1761
1283		2034		9322		1761
1284		2034		9322		1761
1285		2034		9322		1761
1286		2034		9322		1761
1287		2034		9322		1761
1288		2034		9322		1761
1289		2034		9322		1761
1290		2034		9322		1761
1291		2034		9322		1761
1292		2034		9322		1761
1293		2034		9322		1761
1294		2034		9322		1761
1295		2034		9322		1761
1296		2034		9322		1761
1297		2034		9322		1761
1298		2034		9322		1761
1299		2034		9322		1761
1300		2034		9322		1761
1301		2034		9322		1761
1302		2034		9322		1761
1303		2034		9322		1761
1304		2034		9322		1761
1305		2034		9322		1761
1306		2034		9322		1761
1307		2034		9322		1761
1308		2034		9322		1761
1309		2034		9322		1761
1310		2034		9322		1761
1311		2034		9322		1761
1312		2034		9322		1761
1313		2034		9322		1761
1314		2034		9322		1761
1315		2034		9322		1761
1316		2034		9322		1761
1317		2034		9322		1761
1318		2034		9322		1761
1319		2034		9322		1761
1320		2034		9322		1761
1321		2034		9322		1761
1322		2034		9322		1761
1323		2034		9322		1761
1324		2034		9322		1761
1325		2034		9322		1761
1326		2034		9322		1761
1327		2034		9322		1761
1328		2034		9322		1761
1329		2034		9322		1761
1330		2034		9322		1761
1331		2034		9322		1761
1332		2034		9322		1761
1333		2034		9322		1761
1334		2034		9322		1761
1335		2034		9322		1761
1336		2034		9322		1761
1337		2034		9322		1761
1338		2034		9322		1761
1339		2034		9322		1761
1340		2034		9322		1761
1341		2034		9322		1761
1342		2034		9322		1761
1343		2034		9322		1761
1344		2034		9322		1761
1345		2034		9322		1761
1346		2034		9322		1761
1347		2034		9322		1761
1348		2034		9322		1761
1349		2034		9322		1761
1350		2034		9322		1761
1351		2034		9322		1761
1352		2034		9322		1761
1353		2034		9322		1761
1354		2034		9322		1761
1355		2034		9322		1761
1356		2034		9322		1761
1357		2034		9322		1761
1358		2034		9322		1761
1359		2034		9322		1761
1360		2034		9322		1761
1361		2034		9322		1761
1362		2034		9322		1761
1363		2034		9322		1761
1364		2034		9322		1761
1365		2034		9322		1761
1366		2034		9322		1761
1367		2034		9322		1761
1368		2034		9322		1761
1369		2034		9322		1761
1370		2034		9322		1761
1371		2034		9322		1761
1372		2034		9322		1761
1373		2034		9322		1761
1374		2034		9322		1761
1375		2034		9322		1761
1376		2034		9322		1761
1377		2034		9322		1761
1378		2034		9322		1761
1379		2034		9322		1761
1380		2034		9322		1761
1381		2034		9322		1761
1382		2034		9322		1761
1383		2034		9322		1761
1384		2034		9322		1761
1385		2034		9322		1761
1386		2034		9322		1761
1387		2034		9322		1761
1388		2034		9322		1761
1389		2034		9322		1761
1390		2034		9322		1761
1391		2034		9322		1761
1392		2034		9322		1761
1393		2034		9322		1761
1394		2034		9322		1761
1395		2034		9322		1761
1396		2034		9322		1761
1397		2034		9322		1761
1398		2034		9322		1761
1399		2034		9322		1761
1400		2034		9322		1761
1401		2034		9322		1761
1402		2034		9322		1761
1403		2034		9322		1761
1404		2034		9322		1761
1405		2034		9322		1761
1406		2034		9322		1761
1407		2034		9322		1761
1408		2034		9322		1761
1409		2034		9322		1761
1410		2034		9322		1761
1411		2034		9322		1761
1412		2034		9322		1761
1413		2034		9322		1761
1414		2034		9322		1761
1415		2034		9322		1761
1416		2034		9322		1761
1417		2034		9322		1761
1418		2034		9322		1761
1419		2034		9322		1761
1420		2034		9322		1761
1421		2034		9322		1761
1422		2034		9322		1761
1423		2034		9322		1761
1424		2034		9322		1761
1425		2034		9322		1761
1426		2034		9322		1761
1427		2034		9322		1761
1428		2034		9322		1761
1429		2034		9322		1761
1430		2034		9322		1761
1431		2034		9322		1761
1432		2034		9322		1761
1433		2034		9322		1761
1434		2034		9322		1761
1435		2034		9322		1761
1436		2034		9322		1761
1437		2034		9322		1761
1438		2034		9322		1761
1439		2034		9322		1761
1440		2034		9322		1761
1441		2034		9322		1761
1442		2034		9322		1761
1443		2034		9322		1761
1444		2034		9322		1761
1445		2034		9322		1761
1446		2034		9322		1761
1447		2034		9322		1761
1448		2034		9322		1761
1449		2034		9322		1761
1450		2034		9322		1761
1451		2034		9322		1761
1452		2034		9322		1761
1453		2034		9322		1761
1454		2034		9322		1761
1455		2034		9322		1761
1456		2034		9322		1761
1457		2034		9322		1761
1458		2034		9322		1761
1459		2034		9322		1761
1460		2034		9322		1761
1461		2034		9322		1761
1462		2034		9322		1761
1463		2034		9322		1761
1464		2034		9322		1761
1465		2034		9322		1761
1466		2034		9322		1761
1467		2034		9322		1761
1468		2034		9322		1761
1469		2034		9322		1761
1470		2034		9322		1761
1471		2034		9322		1761
1472		2034		9322		1761
1473		2034		9322		1761
1474		2034		9322		1761
1475		2034		9322		1761
1476		2034		9322		1761
1477		2034		9322		1761
1478		2034		9322		1761
1479		2034		9322		1761
1480		2034		9322		1761
1481		2034		9322		1761
1482		2034		9322		1761
1483		2034		9322		1761
1484		2034		9322		1761
1485		2034		9322		1761
1486		2034		9322		1761
1487		2034		9322		1761
1488		2034		9322		1761
1489		2034		9322		1761
1490		2034		9322		1761
1491		2034		9322		1761
1492		2034		9322		1761
1493		2034		9322		1761
1494		2034		9322		1761
1495		2034		9322		1761
1496		2034		9322		1761
1497		2034		9322		1761
1498		2034		9322		1761
1499		2034		9322		1761
1500		2034		9322		1761
1501		2034		9322		1761
1502		2034		9322		1761
1503		2034		9322		1761
1504		2034		9322		1761
1505		2034		9322		1761
1506		2034		9322		1761
1507		2034		9322		1761
1508		2034		9322		1761
1509		2034		9322		1761
1510		2034		9322		1761
1511		2034		9322		1761
1512		2034		9322		1761
1513		2034		9322		1761
1514		2034		9322		1761
1515		2034		9322		1761
1516		2034		9322		1761
1517		2034		9322		1761
1518		2034		9322		1761
1519		2034		9322		1761
1520		2034		9322		1761
1521		2034		9322		1761
1522		2034		9322		1761
1523		2034		9322		1761
1524		2034		9322		1761
1525		2034		9322		1761
1526		2034		9322		1761
1527		2034		9322		1761
1528		2034		9322		1761
1529		2034		9322		1761
1530		2034		9322		1761
1531		2034		9322		1761
1532		2034		9322		1761
1533		2034		9322		1761
1534		2034		9322		1761
1535		2034		9322		1761
1536		2034		9322		1761
1537		2034		9322		1761
1538		2034		9322		1761
1539		2034		9322		1761
1540		2034		9322		1761
1541		2034		9322		1761
1542		2034		9322		1761
1543		2034		9322		1761
1544		2034		9322		1761
1545		2034		9322		1761
1546		2034		9322		1761
1547		2034		9322		1761
1548		2034		9322		1761
1549		2034		9322		1761
1550		2034		9322		1761
1551		2034		9322		1761
1552		2034		9322		1761
1553		2034		9322		1761
1554		2034		9322		1761
1555		2034		9322		1761
1556		2034		9322		1761
1557		2034		9322		1761
1558		2034		9322		1761
1559		2034		9322		1761
1560		2034		9322		1761
1561		2034		9322		1761
1562		2034		9322		1761
1563		2034		9322		1761
1564		2034		9322		1761
1565		2034		9322		1761
1566		2034		9322		1761
1567		2034		9322		1761
1568		2034		9322		1761
1569		2034		9322		1761
1570		2034		9322		1761
1571		2034		9322		1761
1572		2034		9322		1761
1573		2034		9322		1761
1574		2034		9322		1761
1575		2034		9322		1761
1576		2034		9322		1761
1577		2034		9322		1761
1578		2034		9322		1761
1579		2034		9322		1761
1580		2034		9322		1761
1581		2034		9322		1761
1582		2034		9322		1761
1583		2034		9322		1761
1584		2034		9322		1761
1585		2034		9322		1761
1586		2034		9322		1761
1587		2034		9322		1761
1588		2034		9322		1761
1589		2034		9322		1761
1590		2034		9322		1761
1591		2034		9322		1761
1592		2034		9322		1761
1593		2034		9322		1761
1594		2034		9322		1761
1595		2034		9322		1761
1596		2034		9322		1761
1597		2034		9322		1761
1598		2034		9322		1761
1599		2034		9322		1761
1600		2139		11417		1770
1601		2078		11462		1767
1602		2060		11472		1771
1603		2046		11481		1768
1604		2035		11488		1770
1605		2028		11492		1770
1606		2020		11495		1768
1607		2018		11496		1766
1608		2016		11498		1769
1609		2016		11498		1769
1610		2014		11499		1770
1611		2012		11500		1768
1612		2012		11500		1768
1613		2011		11501		1769
1614		2011		11501		1769
1615		2009		11502		1768
1616		2008		11503		1766
1617		2008		11503		1766
1618		2008		11503		1766
1619		2008		11503		1766
1620		2008		11503		1766
1621		2008		11503		1766
1622		2008		11503		1766
1623		2008		11503		1766
1624		2008		11503		1766
1625		2007		11504		1767
1626		2007		11504		1767
1627		2007		11504		1767
1628		2007		11504		1767
1629		2007		11504		1767
1630		2007		11504		1767
1631		2007		11504		1767
1632		2007		11504		1767
1633		2007		11504		1767
1634		2007		11504		1767
1635		2007		11504		1767
1636		2007		11504		1767
1637		2007		11504		1767
1638		2007		11504		1767
1639		2007		11504		1767
1640		2007		11504		1767
1641		2007		11504		1767
1642		2007		11504		1767
1643		2007		11504		1767
1644		2007		11504		1767
1645		2007		11504		1767
1646		2007		11504		1767
1647		2007		11504		1767
1648		2007		11504		1767
1649		2007		11504		1767
1650		2007		11504		1767
1651		2007		11504		1767
1652		2007		11504		1767
1653		2007		11504		1767
1654		2007		11504		1767
1655		2007		11504		1767
1656		2007		11504		1767
1657		2007		11504		1767
1658		2007		11504		1767
1659		2007		11504		1767
1660		2007		11504		1767
1661		2007		11504		1767
1662		2007		11504		1767
1663		2007		11504		1767
1664		2007		11504		1767
1665		2007		11504		1767
1666		2007		11504		1767
1667		2007		11504		1767
1668		2007		11504		1767
1669		2007		11504		1767
1670		2007		11504		1767
1671		2007		11504		1767
1672		2007		11504		1767
1673		2007		11504		1767
1674		2007		11504		1767
1675		2007		11504		1767
1676		2007		11504		1767
1677		2007		11504		1767
1678		2007		11504		1767
1679		2007		11504		1767
1680		2007		11504		1767
1681		2007		11504		1767
1682		2007		11504		1767
1683		2007		11504		1767
1684		2007		11504		1767
1685		2007		11504		1767
1686		2007		11504		1767
1687		2007		11504		1767
1688		2007		11504		1767
1689		2007		11504		1767
1690		2007		11504		1767
1691		2007		11504		1767
1692		2007		11504		1767
1693		2007		11504		1767
1694		2007		11504		1767
1695		2007		11504		1767
1696		2007		11504		1767
1697		2007		11504		1767
1698		2007		11504		1767
1699		2007		11504		1767
1700		2007		11504		1767
1701		2007		11504		1767
1702		2007		11504		1767
1703		2007		11504		1767
1704		2007		11504		1767
1705		2007		11504		1767
1706		2007		11504		1767
1707		2007		11504		1767
1708		2007		11504		1767
1709		2007		11504		1767
1710		2007		11504		1767
1711		2007		11504		1767
1712		2007		11504		1767
1713		2007		11504		1767
1714		2007		11504		1767
1715		2007		11504		1767
1716		2007		11504		1767
1717		2007		11504		1767
1718		2007		11504		1767
1719		2007		11504		1767
1720		2007		11504		1767
1721		2007		11504		1767
1722		2007		11504		1767
1723		2007		11504		1767
1724		2007		11504		1767
1725		2007		11504		1767
1726		2007		11504		1767
1727		2007		11504		1767
1728		2007		11504		1767
1729		2007		11504		1767
1730		2007		11504		1767
1731		2007		11504		1767
1732		2007		11504		1767
1733		2007		11504		1767
1734		2007		11504		1767
1735		2007		11504		1767
1736		2007		11504		1767
1737		2007		11504		1767
1738		2007		11504		1767
1739		2007		11504		1767
1740		2007		11504		1767
1741		2007		11504		1767
1742		2007		11504		1767
1743		2007		11504		1767
1744		2007		11504		1767
1745		2007		11504		1767
1746		2007		11504		1767
1747		2007		11504		1767
1748		2007		11504		1767
1749		2007		11504		1767
1750		2007		11504		1767
1751		2007		11504		1767
1752		2007		11504		1767
1753		2007		11504		1767
1754		2007		11504		1767
1755		2007		11504		1767
1756		2007		11504		1767
1757		2007		11504		1767
1758		2007		11504		1767
1759		2007		11504		1767
1760		2007		11504		1767
1761		2007		11504		1767
1762		2007		11504		1767
1763		2007		11504		1767
1764		2007		11504		1767
1765		2007		11504		1767
1766		2007		11504		1767
1767		2007		11504		1767
1768		2007		11504		1767
1769		2007		11504		1767
1770		2007		11504		1767
1771		2007		11504		1767
1772		2007		11504		1767
1773		2007		11504		1767
1774		2007		11504		1767
1775		2007		11504		1767
1776		2007		11504		1767
1777		2007		11504		1767
1778		2007		11504		1767
1779		2007		11504		1767
1780		2007		11504		1767
1781		2007		11504		1767
1782		2007		11504		1767
1783		2007		11504		1767
1784		2007		11504		1767
1785		2007		11504		1767
1786		2007		11504		1767
1787		2007		11504		1767
1788		2007		11504		1767
1789		2007		11504		1767
1790		2007		11504		1767
1791		2007		11504		1767
1792		2007		11504		1767
1793		2007		11504		1767
1794		2007		11504		1767
1795		2007		11504		1767
1796		2007		11504		1767
1797		2007		11504		1767
1798		2007		11504		1767
1799		2007		11504		1767
1800		2007		11504		1767
1801		2007		11504		1767
1802		2007		11504		1767
1803		2007		11504		1767
1804		2007		11504		1767
1805		2007		11504		1767
1806		2007		11504		1767
1807		2007		11504		1767
1808		2007		11504		1767
1809		2007		11504		1767
1810		2007		11504		1767
1811		2007		11504		1767
1812		2007		11504		1767
1813		2007		11504		1767
1814		2007		11504		1767
1815		2007		11504		1767
1816		2007		11504		1767
1817		2007		11504		1767
1818		2007		11504		1767
1819		2007		11504		1767
1820		2007		11504		1767
1821		2007		11504		1767
1822		2007		11504		1767
1823		2007		11504		1767
1824		2007		11504		1767
1825		2007		11504		1767
1826		2007		11504		1767
1827		2007		11504		1767
1828		2007		11504		1767
1829		2007		11504		1767
1830		2007		11504		1767
1831		2007		11504		1767
1832		2007		11504		1767
1833		2007		11504		1767
1834		2007		11504		1767
1835		2007		11504		1767
1836		2007		11504		1767
1837		2007		11504		1767
1838		2007		11504		1767
1839		2007		11504		1767
1840		2007		11504		1767
1841		2007		11504		1767
1842		2007		11504		1767
1843		2007		11504		1767
1844		2007		11504		1767
1845		2007		11504		1767
1846		2007		11504		1767
1847		2007		11504		1767
1848		2007		11504		1767
1849		2007		11504		1767
1850		2007		11504		1767
1851		2007		11504		1767
1852		2007		11504		1767
1853		2007		11504		1767
1854		2007		11504		1767
1855		2007		11504		1767
1856		2007		11504		1767
1857		2007		11504		1767
1858		2007		11504		1767
1859		2007		11504		1767
1860		2007		11504		1767
1861		2007		11504		1767
1862		2007		11504		1767
1863		2007		11504		1767
1864		2007		11504		1767
1865		2007		11504		1767
1866		2007		11504		1767
1867		2007		11504		1767
1868		2007		11504		1767
1869		2007		11504		1767
1870		2007		11504		1767
1871		2007		11504		1767
1872		2007		11504		1767
1873		2007		11504		1767
1874		2007		11504		1767
1875		2007		11504		1767
1876		2007		11504		1767
1877		2007		11504		1767
1878		2007		11504		1767
1879		2007		11504		1767
1880		2007		11504		1767
1881		2007		11504		1767
1882		2007		11504		1767
1883		2007		11504		1767
1884		2007		11504		1767
1885		2007		11504		1767
1886		2007		11504		1767
1887		2007		11504		1767
1888		2007		11504		1767
1889		2007		11504		1767
1890		2007		11504		1767
1891		2007		11504		1767
1892		2007		11504		1767
1893		2007		11504		1767
1894		2007		11504		1767
1895		2007		11504		1767
1896		2007		11504		1767
1897		2007		11504		1767
1898		2007		11504		1767
1899		2007		11504		1767
1900		2007		11504		1767
1901		2007		11504		1767
1902		2007		11504		1767
1903		2007		11504		1767
1904		2007		11504		1767
1905		2007		11504		1767
1906		2007		11504		1767
1907		2007		11504		1767
1908		2007		11504		1767
1909		2007		11504		1767
1910		2007		11504		1767
1911		2007		11504		1767
1912		2007		11504		1767
1913		2007		11504		1767
1914		2007		11504		1767
1915		2007		11504		1767
1916		2007		11504		1767
1917		2007		11504		1767
1918		2007		11504		1767
1919		2007		11504		1767
1920		2007		11504		1767
1921		2007		11504		1767
1922		2007		11504		1767
1923		2007		11504		1767
1924		2007		11504		1767
1925		2007		11504		1767
1926		2007		11504		1767
1927		2007		11504		1767
1928		2007		11504		1767
1929		2007		11504		1767
1930		2007		11504		1767
1931		2007		11504		1767
1932		2007		11504		1767
1933		2007		11504		1767
1934		2007		11504		1767
1935		2007		11504		1767
1936		2007		11504		1767
1937		2007		11504		1767
1938		2007		11504		1767
1939		2007		11504		1767
1940		2007		11504		1767
1941		2007		11504		1767
1942		2007		11504		1767
1943		2007		11504		1767
1944		2007		11504		1767
1945		2007		11504		1767
1946		2007		11504		1767
1947		2007		11504		1767
1948		2007		11504		1767
1949		2007		11504		1767
1950		2007		11504		1767
1951		2007		11504		1767
1952		2007		11504		1767
1953		2007		11504		1767
1954		2007		11504		1767
1955		2007		11504		1767
1956		2007		11504		1767
1957		2007		11504		1767
1958		2007		11504		1767
1959		2007		11504		1767
1960		2007		11504		1767
1961		2007		11504		1767
1962		2007		11504		1767
1963		2007		11504		1767
1964		2007		11504		1767
1965		2007		11504		1767
1966		2007		11504		1767
1967		2007		11504		1767
1968		2007		11504		1767
1969		2007		11504		1767
1970		2007		11504		1767
1971		2007		11504		1767
1972		2007		11504		1767
1973		2007		11504		1767
1974		2007		11504		1767
1975		2007		11504		1767
1976		2007		11504		1767
1977		2007		11504		1767
1978		2007		11504		1767
1979		2007		11504		1767
1980		2007		11504		1767
1981		2007		11504		1767
1982		2007		11504		1767
1983		2007		11504		1767
1984		2007		11504		1767
1985		2007		11504		1767
1986		2007		11504		1767
1987		2007		11504		1767
1988		2007		11504		1767
1989		2007		11504		1767
1990		2007		11504		1767
1991		2007		11504		1767
1992		2007		11504		1767
1993		2007		11504		1767
1994		2007		11504		1767
1995		2007		11504		1767
1996		2007		11504		1767
1997		2007		11504		1767
1998		2007		11504		1767
1999		2007		11504		1767
