# Migration is number of nodes that have changed color.

Round		Edge-Cut		Swaps		Migrations		Skipped
0		3057		2292		1539
1		2454		4487		1678
2		2194		6560		1736
3		2005		8627		1731
4		1928		10696		1757
5		1884		12745		1766
6		1831		14765		1762
7		1793		16804		1766
8		1775		18805		1787
9		1749		20825		1788
10		1743		22864		1782
11		1734		24874		1778
12		1724		26864		1787
13		1718		28852		1791
14		1714		30858		1793
15		1712		32837		1789
16		1698		34834		1798
17		1689		36809		1802
18		1679		38805		1802
19		1673		40813		1800
20		1669		42794		1798
21		1661		44752		1791
22		1659		46716		1798
23		1657		48732		1794
24		1652		50722		1799
25		1651		52714		1798
26		1649		54713		1799
27		1648		56703		1798
28		1643		58682		1795
29		1641		60676		1795
30		1637		62608		1797
31		1634		64607		1794
32		1632		66559		1797
33		1630		68530		1799
34		1630		70516		1803
35		1630		72511		1796
36		1631		74504		1797
37		1628		76485		1794
38		1627		78457		1791
39		1626		80432		1795
40		1626		82420		1796
41		1624		84410		1796
42		1624		86354		1795
43		1623		88364		1790
44		1622		90349		1790
45		1622		92353		1791
46		1621		94325		1789
47		1619		96320		1790
48		1620		98307		1793
49		1617		100300		1788
50		1618		102303		1784
51		1618		104240		1787
52		1615		106244		1784
53		1614		108221		1789
54		1613		110183		1789
55		1613		112156		1791
56		1611		114138		1786
57		1612		116097		1787
58		1611		118079		1789
59		1610		120066		1790
60		1611		122059		1787
61		1611		124020		1789
62		1610		125985		1788
63		1610		127935		1782
64		1606		129913		1788
65		1606		131886		1787
66		1606		133826		1791
67		1606		135776		1792
68		1606		137780		1788
69		1604		139755		1788
70		1604		141733		1795
71		1603		143718		1793
72		1603		145701		1792
73		1602		147673		1795
74		1602		149638		1794
75		1601		151626		1791
76		1601		153626		1788
77		1601		155609		1790
78		1603		157601		1792
79		1594		159561		1794
80		1593		161538		1792
81		1592		163514		1787
82		1591		165446		1787
83		1590		167445		1787
84		1590		169433		1786
85		1589		171414		1786
86		1588		173340		1783
87		1588		175298		1789
88		1588		177298		1790
89		1588		179257		1784
90		1588		181204		1787
91		1588		183186		1788
92		1588		185147		1787
93		1586		187141		1781
94		1586		189148		1778
95		1585		191126		1774
96		1586		193092		1776
97		1584		195038		1780
98		1585		197023		1777
99		1585		198969		1780
100		1584		200954		1781
101		1582		202914		1786
102		1582		204840		1787
103		1581		206805		1788
104		1580		208766		1786
105		1580		210755		1785
106		1580		212721		1789
107		1580		214698		1783
108		1580		216671		1783
109		1579		218630		1778
110		1578		220607		1776
111		1579		222591		1778
112		1579		224572		1778
113		1579		226608		1776
114		1578		228584		1775
115		1579		230545		1777
116		1578		232519		1778
117		1578		234503		1780
118		1578		236497		1776
119		1578		238468		1774
120		1579		240401		1772
121		1578		242378		1776
122		1577		244350		1776
123		1577		246328		1775
124		1577		248314		1774
125		1577		250234		1770
126		1577		252230		1769
127		1576		254211		1772
128		1576		256186		1772
129		1576		258153		1774
130		1576		260140		1772
131		1577		262121		1771
132		1577		264106		1771
133		1577		266065		1773
134		1577		268063		1772
135		1576		270047		1772
136		1576		271999		1772
137		1576		273962		1772
138		1576		275954		1775
139		1575		277923		1776
140		1574		279899		1771
141		1574		281844		1771
142		1573		283836		1768
143		1573		285806		1767
144		1573		287818		1770
145		1573		289820		1772
146		1573		291808		1775
147		1573		293778		1780
148		1573		295723		1778
149		1573		297673		1779
150		1573		299636		1780
151		1572		301629		1780
152		1571		303621		1780
153		1572		305575		1778
154		1570		307527		1777
155		1560		309547		1781
156		1557		311531		1776
157		1554		313482		1777
158		1546		315460		1770
159		1545		317452		1777
160		1542		319450		1772
161		1542		321459		1771
162		1542		323387		1775
163		1542		325379		1773
164		1542		327362		1775
165		1542		329330		1775
166		1539		331349		1773
167		1538		333302		1769
168		1536		335262		1766
169		1536		337268		1769
170		1535		339229		1765
171		1533		341200		1766
172		1533		343196		1766
173		1532		345163		1764
174		1532		347140		1771
175		1532		349151		1776
176		1530		351113		1772
177		1529		353060		1776
178		1528		355034		1775
179		1528		356998		1773
180		1528		358988		1773
181		1528		360950		1776
182		1528		362919		1776
183		1528		364898		1774
184		1528		366871		1775
185		1527		368824		1780
186		1526		370829		1780
187		1526		372786		1776
188		1526		374792		1777
189		1526		376761		1781
190		1526		378743		1779
191		1526		380712		1777
192		1525		382660		1779
193		1524		384598		1779
194		1524		386562		1780
195		1524		388547		1777
196		1524		390515		1778
197		1524		392495		1780
198		1524		394450		1779
199		1524		396433		1778
200		1524		398392		1776
201		1524		400360		1778
202		1523		402326		1778
203		1523		404302		1778
204		1523		406245		1778
205		1523		408187		1779
206		1523		410164		1779
207		1523		412135		1778
208		1523		414081		1783
209		1523		416087		1785
210		1522		418064		1784
211		1522		420025		1786
212		1522		422009		1782
213		1522		424010		1782
214		1522		425981		1780
215		1522		427926		1779
216		1522		429893		1782
217		1521		431872		1782
218		1521		433864		1781
219		1521		435807		1783
220		1521		437776		1782
221		1521		439760		1782
222		1521		441702		1784
223		1521		443684		1779
224		1521		445684		1775
225		1521		447683		1771
226		1520		449657		1773
227		1515		451662		1772
228		1514		453608		1777
229		1514		455585		1773
230		1514		457582		1776
231		1512		459562		1770
232		1512		461540		1771
233		1512		463520		1771
234		1511		465503		1772
235		1511		467448		1772
236		1510		469422		1771
237		1510		471387		1770
238		1510		473331		1772
239		1509		475333		1773
240		1509		477298		1773
241		1509		479264		1770
242		1509		481212		1770
243		1507		483151		1770
244		1507		485165		1768
245		1507		487171		1767
246		1507		489154		1767
247		1507		491094		1767
248		1507		493061		1766
249		1507		495027		1769
250		1507		496995		1769
251		1507		498961		1767
252		1507		500971		1765
253		1507		502931		1766
254		1507		504918		1770
255		1507		506871		1770
256		1507		508840		1774
257		1507		510811		1774
258		1507		512774		1774
259		1507		514735		1774
260		1507		516700		1773
261		1507		518644		1771
262		1507		520599		1775
263		1506		522582		1775
264		1506		524561		1774
265		1506		526509		1774
266		1506		528463		1774
267		1506		530447		1771
268		1506		532411		1771
269		1506		534373		1770
270		1506		536338		1770
271		1506		538313		1771
272		1506		540291		1768
273		1506		542247		1769
274		1506		544187		1765
275		1506		546165		1766
276		1506		548150		1767
277		1506		550102		1766
278		1506		552093		1767
279		1506		554040		1764
280		1506		556046		1764
281		1506		558048		1768
282		1506		560024		1768
283		1506		562005		1767
284		1506		563977		1765
285		1506		565978		1763
286		1506		567936		1761
287		1506		569902		1764
288		1506		571860		1765
289		1506		573847		1766
290		1506		575798		1768
291		1506		577757		1766
292		1506		579716		1767
293		1506		581664		1768
294		1506		583602		1768
295		1506		585576		1766
296		1506		587571		1768
297		1506		589535		1768
298		1506		591548		1767
299		1506		593511		1764
300		1506		595475		1767
301		1506		597473		1767
302		1506		599466		1767
303		1506		601428		1770
304		1506		603384		1769
305		1506		605376		1769
306		1505		607357		1768
307		1505		609336		1768
308		1505		611276		1768
309		1505		613283		1769
310		1505		615262		1768
311		1505		617224		1770
312		1505		619197		1771
313		1505		621150		1771
314		1505		623124		1772
315		1505		625115		1773
316		1505		627091		1773
317		1505		629060		1772
318		1505		630996		1771
319		1505		632973		1770
320		1505		634979		1770
321		1505		636948		1770
322		1505		638903		1769
323		1505		640888		1768
324		1505		642873		1768
325		1505		644826		1770
326		1505		646754		1769
327		1505		648716		1767
328		1505		650692		1768
329		1505		652675		1769
330		1505		654619		1772
331		1505		656614		1772
332		1505		658578		1773
333		1505		660534		1775
334		1505		662522		1772
335		1505		664444		1770
336		1505		666414		1772
337		1505		668378		1771
338		1504		670349		1775
339		1505		672293		1776
340		1505		674277		1777
341		1505		676252		1776
342		1505		678209		1778
343		1505		680219		1775
344		1504		682235		1774
345		1504		684205		1774
346		1504		686161		1774
347		1504		688149		1772
348		1503		690126		1771
349		1503		692084		1769
350		1503		694092		1767
351		1503		696045		1766
352		1503		698033		1767
353		1503		700000		1769
354		1503		701948		1769
355		1503		703918		1772
356		1503		705922		1771
357		1503		707917		1770
358		1503		709885		1769
359		1503		711830		1769
360		1503		713799		1769
361		1503		715774		1769
362		1503		717757		1771
363		1503		719708		1769
364		1503		721647		1770
365		1503		723598		1772
366		1503		725553		1775
367		1503		727526		1774
368		1503		729502		1774
369		1503		731492		1773
370		1503		733480		1768
371		1503		735404		1770
372		1503		737396		1770
373		1503		739404		1770
374		1503		741381		1769
375		1503		743369		1772
376		1503		745340		1772
377		1503		747307		1774
378		1503		749285		1774
379		1503		751293		1774
380		1503		753289		1770
381		1503		755270		1771
382		1502		757273		1770
383		1502		759264		1769
384		1502		761266		1770
385		1502		763229		1773
386		1502		765156		1774
387		1502		767113		1774
388		1503		769079		1771
389		1503		771035		1774
390		1503		773045		1776
391		1502		774992		1774
392		1502		776962		1771
393		1502		778981		1770
394		1502		780939		1771
395		1502		782912		1771
396		1502		784897		1773
397		1502		786876		1774
398		1502		788854		1773
399		1502		790811		1774
400		1502		792767		1775
401		1519		794741		1765
402		1527		796727		1771
403		1531		798694		1764
404		1536		800670		1769
405		1533		802621		1767
406		1536		804594		1768
407		1535		806582		1760
408		1537		808566		1761
409		1535		810555		1766
410		1534		812530		1775
411		1532		814528		1767
412		1530		816501		1768
413		1526		818479		1768
414		1526		820492		1770
415		1524		822502		1780
416		1522		824505		1782
417		1521		826456		1786
418		1519		828430		1786
419		1518		830425		1792
420		1517		832395		1788
421		1517		834385		1780
422		1516		836357		1783
423		1515		838325		1778
424		1515		840334		1781
425		1515		842320		1783
426		1515		844301		1782
427		1515		846322		1781
428		1515		848309		1785
429		1513		850266		1788
430		1513		852251		1786
431		1513		854242		1782
432		1513		856204		1785
433		1513		858212		1784
434		1513		860193		1787
435		1513		862164		1785
436		1513		864126		1787
437		1513		866112		1788
438		1512		868111		1788
439		1512		870096		1788
440		1511		872084		1787
441		1508		874071		1782
442		1508		876063		1782
443		1508		878021		1783
444		1508		879989		1783
445		1508		881941		1782
446		1510		883932		1785
447		1509		885932		1782
448		1509		887898		1781
449		1509		889882		1782
450		1509		891848		1782
451		1508		893826		1781
452		1508		895775		1779
453		1508		897739		1780
454		1508		899721		1781
455		1508		901671		1781
456		1508		903643		1781
457		1508		905632		1781
458		1508		907597		1780
459		1508		909557		1774
460		1508		911520		1774
461		1508		913487		1771
462		1508		915431		1772
463		1508		917425		1771
464		1508		919402		1772
465		1508		921355		1774
466		1508		923319		1774
467		1508		925308		1774
468		1508		927293		1774
469		1508		929235		1768
470		1508		931213		1773
471		1508		933202		1773
472		1508		935176		1773
473		1506		937167		1774
474		1506		939128		1778
475		1506		941117		1781
476		1506		943098		1783
477		1506		945059		1778
478		1506		947050		1780
479		1505		949026		1779
480		1505		950985		1781
481		1505		952939		1779
482		1505		954902		1780
483		1505		956848		1782
484		1505		958793		1782
485		1505		960772		1783
486		1505		962740		1781
487		1505		964731		1786
488		1505		966697		1785
489		1505		968694		1783
490		1505		970655		1785
491		1505		972617		1786
492		1505		974605		1784
493		1505		976590		1783
494		1505		978543		1785
495		1505		980528		1787
496		1505		982491		1787
497		1505		984466		1788
498		1505		986445		1784
499		1504		988455		1784
500		1504		990433		1784
501		1504		992420		1786
502		1504		994385		1785
503		1504		996369		1785
504		1504		998329		1784
505		1504		1000332		1785
506		1504		1002309		1783
507		1504		1004285		1782
508		1504		1006236		1782
509		1504		1008205		1783
510		1504		1010151		1783
511		1504		1012109		1783
512		1504		1014044		1784
513		1504		1016016		1785
514		1504		1017996		1786
515		1503		1019945		1787
516		1503		1021916		1786
517		1503		1023875		1782
518		1503		1025868		1786
519		1503		1027824		1787
520		1503		1029800		1789
521		1503		1031811		1787
522		1504		1033780		1782
523		1503		1035745		1788
524		1503		1037707		1789
525		1503		1039705		1788
526		1503		1041672		1790
527		1503		1043653		1785
528		1503		1045617		1788
529		1503		1047584		1786
530		1503		1049559		1784
531		1503		1051523		1783
532		1503		1053466		1785
533		1503		1055421		1787
534		1503		1057405		1786
535		1503		1059397		1788
536		1503		1061383		1788
537		1503		1063354		1789
538		1503		1065291		1789
539		1503		1067240		1787
540		1503		1069218		1787
541		1503		1071192		1786
542		1503		1073110		1784
543		1503		1075075		1786
544		1503		1077033		1786
545		1503		1078999		1787
546		1503		1080983		1786
547		1503		1082935		1785
548		1503		1084883		1787
549		1503		1086853		1787
550		1503		1088812		1786
551		1503		1090791		1788
552		1503		1092753		1789
553		1503		1094721		1787
554		1503		1096706		1787
555		1503		1098685		1786
556		1503		1100637		1785
557		1503		1102639		1787
558		1503		1104640		1787
559		1503		1106574		1787
560		1502		1108567		1784
561		1502		1110528		1784
562		1502		1112455		1784
563		1502		1114388		1784
564		1502		1116348		1784
565		1502		1118334		1783
566		1502		1120309		1783
567		1502		1122259		1783
568		1502		1124234		1785
569		1502		1126149		1786
570		1502		1128130		1786
571		1502		1130116		1786
572		1502		1132071		1785
573		1502		1134029		1785
574		1502		1136011		1785
575		1502		1137974		1782
576		1502		1139961		1782
577		1503		1141923		1784
578		1503		1143900		1784
579		1503		1145853		1786
580		1503		1147847		1783
581		1503		1149832		1786
582		1503		1151822		1787
583		1503		1153791		1787
584		1503		1155759		1788
585		1503		1157756		1786
586		1503		1159720		1787
587		1503		1161683		1787
588		1503		1163663		1788
589		1503		1165604		1786
590		1503		1167553		1786
591		1503		1169490		1787
592		1503		1171481		1790
593		1503		1173425		1790
594		1502		1175407		1791
595		1502		1177390		1790
596		1503		1179364		1790
597		1502		1181330		1789
598		1501		1183326		1791
599		1501		1185297		1790
600		1501		1187271		1788
601		1501		1189242		1790
602		1501		1191225		1788
603		1501		1193237		1788
604		1501		1195182		1788
605		1501		1197138		1788
606		1501		1199095		1788
607		1501		1201098		1785
608		1501		1203082		1785
609		1501		1205080		1785
610		1501		1207086		1785
611		1501		1209057		1784
612		1500		1211052		1783
613		1500		1213021		1782
614		1500		1215021		1783
615		1500		1216968		1783
616		1500		1218963		1785
617		1500		1220932		1785
618		1500		1222890		1784
619		1500		1224839		1782
620		1500		1226797		1784
621		1500		1228768		1784
622		1500		1230750		1783
623		1500		1232732		1783
624		1500		1234694		1783
625		1500		1236659		1785
626		1500		1238659		1784
627		1500		1240645		1780
628		1500		1242632		1782
629		1500		1244625		1782
630		1500		1246583		1783
631		1500		1248571		1783
632		1500		1250546		1782
633		1500		1252537		1783
634		1500		1254514		1783
635		1500		1256474		1783
636		1500		1258442		1783
637		1500		1260421		1783
638		1500		1262392		1782
639		1500		1264387		1783
640		1500		1266393		1785
641		1500		1268357		1786
642		1500		1270326		1785
643		1500		1272292		1785
644		1500		1274285		1784
645		1500		1276272		1784
646		1500		1278231		1787
647		1500		1280221		1787
648		1500		1282226		1785
649		1500		1284200		1784
650		1500		1286177		1783
651		1500		1288155		1785
652		1500		1290097		1785
653		1500		1292036		1785
654		1500		1294011		1782
655		1500		1295966		1782
656		1500		1297916		1782
657		1500		1299894		1784
658		1500		1301847		1784
659		1500		1303829		1783
660		1500		1305818		1782
661		1500		1307782		1783
662		1500		1309759		1784
663		1500		1311716		1784
664		1500		1313676		1783
665		1500		1315646		1783
666		1500		1317654		1785
667		1500		1319647		1786
668		1500		1321592		1786
669		1500		1323577		1786
670		1500		1325553		1785
671		1500		1327497		1785
672		1500		1329463		1785
673		1501		1331448		1784
674		1501		1333427		1785
675		1501		1335375		1785
676		1501		1337319		1786
677		1501		1339286		1786
678		1501		1341222		1787
679		1501		1343201		1784
680		1501		1345159		1783
681		1501		1347107		1785
682		1501		1349076		1785
683		1501		1351033		1785
684		1500		1353021		1785
685		1500		1354990		1784
686		1500		1356966		1784
687		1500		1358923		1784
688		1500		1360919		1785
689		1500		1362866		1786
690		1500		1364840		1786
691		1500		1366811		1784
692		1500		1368775		1785
693		1500		1370758		1783
694		1500		1372747		1784
695		1500		1374724		1784
696		1500		1376680		1785
697		1500		1378643		1785
698		1500		1380626		1788
699		1500		1382623		1787
700		1500		1384612		1786
701		1500		1386601		1787
702		1500		1388555		1787
703		1500		1390535		1789
704		1500		1392473		1789
705		1500		1394447		1787
706		1500		1396431		1790
707		1500		1398395		1787
708		1500		1400371		1786
709		1500		1402355		1789
710		1500		1404304		1790
711		1500		1406245		1787
712		1500		1408206		1786
713		1500		1410186		1787
714		1500		1412142		1787
715		1500		1414099		1789
716		1500		1416041		1788
717		1500		1418018		1787
718		1500		1419968		1787
719		1500		1421914		1788
720		1500		1423883		1788
721		1500		1425860		1788
722		1500		1427806		1789
723		1500		1429765		1789
724		1500		1431764		1788
725		1500		1433731		1789
726		1500		1435687		1791
727		1500		1437638		1791
728		1500		1439635		1791
729		1501		1441585		1790
730		1501		1443583		1790
731		1501		1445528		1788
732		1501		1447497		1788
733		1501		1449475		1788
734		1501		1451429		1788
735		1500		1453408		1785
736		1500		1455391		1786
737		1500		1457367		1787
738		1500		1459361		1789
739		1500		1461360		1789
740		1500		1463338		1788
741		1500		1465296		1790
742		1500		1467245		1789
743		1500		1469194		1788
744		1500		1471169		1787
745		1500		1473124		1788
746		1499		1475116		1786
747		1499		1477099		1786
748		1499		1479068		1790
749		1499		1481022		1789
750		1499		1482994		1789
751		1499		1484961		1789
752		1499		1486939		1789
753		1499		1488882		1789
754		1499		1490830		1789
755		1499		1492756		1787
756		1499		1494710		1787
757		1499		1496672		1789
758		1499		1498668		1789
759		1499		1500637		1789
760		1499		1502582		1790
761		1499		1504529		1790
762		1499		1506514		1790
763		1499		1508507		1789
764		1499		1510458		1788
765		1499		1512422		1788
766		1499		1514378		1790
767		1499		1516389		1789
768		1499		1518396		1788
769		1499		1520385		1788
770		1499		1522385		1788
771		1499		1524366		1788
772		1499		1526331		1787
773		1499		1528291		1787
774		1499		1530250		1787
775		1499		1532209		1787
776		1499		1534173		1788
777		1499		1536151		1789
778		1499		1538111		1788
779		1499		1540071		1789
780		1499		1542044		1789
781		1499		1543985		1789
782		1499		1545962		1788
783		1499		1547928		1788
784		1499		1549897		1788
785		1499		1551867		1787
786		1499		1553836		1787
787		1499		1555822		1787
788		1499		1557806		1788
789		1499		1559775		1788
790		1499		1561748		1788
791		1499		1563700		1787
792		1499		1565676		1789
793		1499		1567643		1789
794		1499		1569619		1789
795		1499		1571567		1788
796		1499		1573521		1788
797		1499		1575504		1788
798		1499		1577479		1788
799		1499		1579443		1790
800		1499		1581386		1790
801		1513		1583382		1785
802		1521		1585350		1778
803		1532		1587369		1776
804		1534		1589361		1780
805		1536		1591350		1782
806		1542		1593356		1782
807		1534		1595322		1777
808		1532		1597275		1778
809		1532		1599252		1777
810		1531		1601257		1779
811		1526		1603230		1774
812		1522		1605204		1776
813		1522		1607190		1777
814		1523		1609152		1778
815		1523		1611149		1772
816		1521		1613166		1771
817		1520		1615146		1772
818		1520		1617132		1776
819		1520		1619128		1776
820		1520		1621100		1776
821		1520		1623083		1770
822		1518		1625070		1773
823		1515		1627022		1777
824		1515		1628998		1770
825		1513		1630981		1769
826		1510		1632974		1771
827		1510		1634928		1773
828		1509		1636872		1777
829		1509		1638843		1778
830		1509		1640802		1777
831		1509		1642744		1777
832		1509		1644725		1776
833		1509		1646674		1773
834		1508		1648619		1768
835		1507		1650613		1773
836		1507		1652579		1770
837		1507		1654542		1775
838		1507		1656530		1775
839		1507		1658522		1775
840		1507		1660496		1776
841		1507		1662501		1780
842		1507		1664449		1778
843		1507		1666383		1778
844		1507		1668340		1777
845		1507		1670324		1778
846		1506		1672293		1779
847		1506		1674275		1779
848		1506		1676264		1780
849		1505		1678240		1777
850		1505		1680196		1778
851		1505		1682162		1778
852		1505		1684163		1778
853		1505		1686171		1778
854		1505		1688161		1780
855		1505		1690120		1778
856		1506		1692104		1779
857		1506		1694074		1778
858		1506		1696055		1777
859		1506		1698044		1777
860		1506		1700011		1772
861		1506		1701973		1773
862		1505		1703972		1775
863		1504		1705921		1775
864		1504		1707903		1775
865		1504		1709862		1777
866		1504		1711830		1777
867		1504		1713807		1777
868		1504		1715781		1779
869		1506		1717736		1781
870		1504		1719709		1783
871		1504		1721701		1784
872		1504		1723661		1784
873		1504		1725614		1780
874		1505		1727592		1783
875		1505		1729606		1780
876		1505		1731558		1781
877		1505		1733551		1781
878		1505		1735529		1780
879		1505		1737522		1777
880		1505		1739529		1777
881		1505		1741495		1780
882		1505		1743456		1778
883		1505		1745438		1776
884		1505		1747422		1772
885		1505		1749391		1770
886		1505		1751350		1772
887		1505		1753346		1769
888		1505		1755317		1772
889		1505		1757276		1774
890		1505		1759267		1773
891		1505		1761247		1775
892		1504		1763186		1773
893		1504		1765174		1778
894		1504		1767168		1778
895		1504		1769149		1776
896		1504		1771114		1775
897		1505		1773072		1777
898		1505		1775063		1775
899		1505		1777056		1773
900		1505		1779038		1774
901		1505		1781020		1780
902		1504		1782992		1779
903		1503		1785000		1778
904		1503		1786953		1779
905		1503		1788947		1773
906		1503		1790928		1776
907		1503		1792867		1778
908		1504		1794828		1780
909		1504		1796778		1780
910		1504		1798760		1781
911		1504		1800703		1782
912		1504		1802692		1783
913		1504		1804647		1784
914		1504		1806600		1785
915		1504		1808596		1785
916		1504		1810536		1787
917		1504		1812511		1784
918		1504		1814484		1783
919		1503		1816466		1783
920		1502		1818432		1783
921		1502		1820416		1783
922		1502		1822390		1787
923		1502		1824364		1785
924		1502		1826324		1785
925		1502		1828265		1785
926		1502		1830255		1783
927		1502		1832213		1783
928		1502		1834204		1783
929		1502		1836184		1787
930		1502		1838151		1788
931		1502		1840102		1788
932		1500		1842054		1787
933		1500		1844014		1785
934		1500		1845968		1783
935		1500		1847947		1783
936		1500		1849947		1781
937		1500		1851908		1780
938		1500		1853886		1780
939		1500		1855863		1780
940		1500		1857812		1779
941		1500		1859805		1780
942		1499		1861743		1781
943		1499		1863736		1781
944		1499		1865719		1783
945		1499		1867632		1781
946		1499		1869627		1781
947		1499		1871593		1781
948		1499		1873565		1780
949		1499		1875566		1781
950		1499		1877513		1780
951		1499		1879492		1780
952		1499		1881444		1781
953		1499		1883417		1781
954		1499		1885384		1781
955		1499		1887397		1779
956		1499		1889342		1779
957		1499		1891306		1779
958		1499		1893265		1781
959		1499		1895241		1781
960		1499		1897222		1779
961		1499		1899212		1780
962		1499		1901188		1780
963		1499		1903169		1780
964		1499		1905141		1780
965		1499		1907118		1780
966		1499		1909076		1780
967		1499		1911041		1784
968		1499		1913013		1783
969		1499		1915005		1783
970		1499		1917000		1784
971		1499		1918989		1784
972		1499		1920962		1783
973		1498		1922948		1783
974		1498		1924932		1785
975		1498		1926870		1785
976		1498		1928816		1784
977		1498		1930799		1786
978		1498		1932793		1785
979		1498		1934786		1785
980		1498		1936761		1785
981		1498		1938703		1785
982		1498		1940634		1784
983		1498		1942607		1785
984		1498		1944592		1786
985		1498		1946567		1786
986		1498		1948531		1786
987		1498		1950489		1788
988		1498		1952464		1785
989		1498		1954430		1786
990		1498		1956409		1785
991		1498		1958406		1783
992		1498		1960385		1784
993		1498		1962359		1784
994		1498		1964290		1784
995		1498		1966267		1783
996		1498		1968210		1786
997		1498		1970179		1787
998		1498		1972141		1788
999		1498		1974097		1788
