# Migration is number of nodes that have changed color.

Round		Edge-Cut		Swaps		Migrations		Skipped
0		86626		2246		2131
1		58704		3503		2032
2		49863		4090		2022
3		46234		4431		2030
4		44539		4673		2051
5		43782		4844		2040
6		43260		4990		2028
7		42939		5093		2032
8		42652		5165		2032
9		42565		5232		2039
10		42436		5279		2051
11		42371		5317		2045
12		42231		5359		2043
13		42195		5380		2038
14		42153		5400		2042
15		42138		5417		2034
16		42154		5433		2034
17		42117		5447		2034
18		42086		5460		2033
19		42071		5467		2033
20		42058		5474		2031
21		42050		5484		2026
22		42023		5493		2027
23		42026		5502		2023
24		42025		5512		2022
25		42009		5522		2022
26		42014		5528		2023
27		42012		5535		2022
28		42019		5543		2021
29		41999		5552		2023
30		41991		5558		2023
31		41975		5564		2022
32		41973		5569		2023
33		41970		5576		2027
34		41968		5581		2026
35		41961		5587		2030
36		41958		5592		2028
37		41952		5595		2028
38		41947		5596		2029
39		41951		5600		2028
40		41951		5600		2028
41		41950		5602		2028
42		41919		5607		2030
43		41919		5612		2028
44		41916		5616		2027
45		41917		5618		2029
46		41915		5619		2030
47		41906		5625		2026
48		41904		5627		2024
49		41904		5627		2024
50		41903		5628		2026
51		41902		5629		2027
52		41902		5629		2027
53		41901		5630		2027
54		41900		5631		2028
55		41903		5632		2028
56		41898		5634		2030
57		41898		5635		2031
58		41897		5636		2030
59		41896		5637		2030
60		41896		5637		2030
61		41896		5637		2030
62		41896		5637		2030
63		41912		5640		2030
64		41910		5642		2030
65		41907		5644		2030
66		41914		5646		2029
67		41910		5648		2029
68		41910		5648		2029
69		41912		5651		2029
70		41914		5653		2028
71		41909		5656		2029
72		41902		5659		2027
73		41901		5660		2028
74		41886		5662		2029
75		41881		5670		2026
76		41878		5674		2024
77		41878		5674		2024
78		41875		5676		2025
79		41875		5677		2025
80		41874		5678		2024
81		41874		5679		2024
82		41874		5679		2024
83		41874		5679		2024
84		41874		5679		2024
85		41874		5679		2024
86		41874		5679		2024
87		41874		5679		2024
88		41865		5681		2025
89		41865		5681		2025
90		41865		5681		2025
91		41865		5681		2025
92		41865		5681		2025
93		41865		5681		2025
94		41866		5682		2025
95		41866		5682		2025
96		41866		5682		2025
97		41866		5682		2025
98		41866		5682		2025
99		41866		5682		2025
100		41873		5683		2024
101		41873		5683		2024
102		41873		5683		2024
103		41873		5683		2024
104		41853		5684		2025
105		41853		5684		2025
106		41853		5684		2025
107		41853		5684		2025
108		41853		5684		2025
109		41852		5685		2025
110		41852		5685		2025
111		41852		5685		2025
112		41852		5685		2025
113		41852		5685		2025
114		41852		5685		2025
115		41852		5685		2025
116		41852		5685		2025
117		41852		5685		2025
118		41856		5686		2025
119		41856		5686		2025
120		41855		5687		2026
121		41855		5687		2026
122		41855		5687		2026
123		41857		5688		2026
124		41883		5689		2026
125		41883		5689		2026
126		41883		5689		2026
127		41883		5689		2026
128		41883		5689		2026
129		41883		5689		2026
130		41883		5689		2026
131		41883		5689		2026
132		41883		5689		2026
133		41883		5689		2026
134		41883		5689		2026
135		41883		5689		2026
136		41883		5689		2026
137		41883		5689		2026
138		41883		5689		2026
139		41883		5689		2026
140		41883		5689		2026
141		41883		5689		2026
142		41883		5689		2026
143		41883		5689		2026
144		41883		5689		2026
145		41883		5689		2026
146		41883		5689		2026
147		41883		5689		2026
148		41883		5689		2026
149		41883		5689		2026
150		41883		5689		2026
151		41883		5689		2026
152		41883		5689		2026
153		41883		5689		2026
154		41883		5689		2026
155		41883		5689		2026
156		41883		5689		2026
157		41883		5689		2026
158		41883		5689		2026
159		41883		5689		2026
160		41883		5689		2026
161		41883		5689		2026
162		41883		5689		2026
163		41883		5689		2026
164		41883		5689		2026
165		41883		5689		2026
166		41883		5689		2026
167		41883		5689		2026
168		41883		5689		2026
169		41883		5689		2026
170		41883		5689		2026
171		41885		5690		2028
172		41885		5690		2028
173		41885		5690		2028
174		41884		5691		2029
175		41884		5691		2029
176		41884		5691		2029
177		41884		5691		2029
178		41884		5691		2029
179		41884		5691		2029
180		41884		5691		2029
181		41884		5691		2029
182		41884		5691		2029
183		41884		5691		2029
184		41884		5691		2029
185		41884		5691		2029
186		41884		5691		2029
187		41884		5691		2029
188		41884		5691		2029
189		41884		5691		2029
190		41884		5691		2029
191		41884		5691		2029
192		41884		5691		2029
193		41884		5691		2029
194		41884		5691		2029
195		41884		5691		2029
196		41884		5691		2029
197		41884		5691		2029
198		41884		5691		2029
199		41884		5691		2029
200		41884		5691		2029
201		41884		5691		2029
202		41884		5691		2029
203		41884		5691		2029
204		41884		5691		2029
205		41884		5691		2029
206		41884		5691		2029
207		41884		5691		2029
208		41884		5691		2029
209		41884		5691		2029
210		41884		5691		2029
211		41884		5691		2029
212		41884		5691		2029
213		41884		5691		2029
214		41884		5691		2029
215		41884		5691		2029
216		41884		5691		2029
217		41884		5691		2029
218		41884		5691		2029
219		41884		5691		2029
220		41884		5691		2029
221		41884		5691		2029
222		41884		5691		2029
223		41884		5691		2029
224		41884		5691		2029
225		41884		5691		2029
226		41884		5691		2029
227		41884		5691		2029
228		41884		5691		2029
229		41884		5691		2029
230		41884		5691		2029
231		41884		5691		2029
232		41884		5691		2029
233		41884		5691		2029
234		41884		5691		2029
235		41884		5691		2029
236		41884		5691		2029
237		41884		5691		2029
238		41884		5691		2029
239		41884		5691		2029
240		41884		5691		2029
241		41884		5691		2029
242		41884		5691		2029
243		41884		5691		2029
244		41884		5691		2029
245		41884		5691		2029
246		41884		5691		2029
247		41884		5691		2029
248		41884		5691		2029
249		41884		5691		2029
250		41884		5691		2029
251		41884		5691		2029
252		41884		5691		2029
253		41884		5691		2029
254		41884		5691		2029
255		41884		5691		2029
256		41884		5691		2029
257		41884		5691		2029
258		41884		5691		2029
259		41884		5691		2029
260		41884		5691		2029
261		41884		5691		2029
262		41884		5691		2029
263		41884		5691		2029
264		41884		5691		2029
265		41884		5691		2029
266		41884		5691		2029
267		41884		5691		2029
268		41884		5691		2029
269		41884		5691		2029
270		41884		5691		2029
271		41884		5691		2029
272		41884		5691		2029
273		41884		5691		2029
274		41884		5691		2029
275		41884		5691		2029
276		41884		5691		2029
277		41884		5691		2029
278		41884		5691		2029
279		41884		5691		2029
280		41884		5691		2029
281		41884		5691		2029
282		41884		5691		2029
283		41884		5691		2029
284		41884		5691		2029
285		41884		5691		2029
286		41884		5691		2029
287		41884		5691		2029
288		41884		5691		2029
289		41884		5691		2029
290		41884		5691		2029
291		41884		5691		2029
292		41884		5691		2029
293		41884		5691		2029
294		41884		5691		2029
295		41884		5691		2029
296		41884		5691		2029
297		41884		5691		2029
298		41884		5691		2029
299		41884		5691		2029
300		41884		5691		2029
301		41884		5691		2029
302		41884		5691		2029
303		41884		5691		2029
304		41884		5691		2029
305		41884		5691		2029
306		41884		5691		2029
307		41884		5691		2029
308		41884		5691		2029
309		41884		5691		2029
310		41884		5691		2029
311		41884		5691		2029
312		41884		5691		2029
313		41884		5691		2029
314		41884		5691		2029
315		41884		5691		2029
316		41884		5691		2029
317		41884		5691		2029
318		41884		5691		2029
319		41884		5691		2029
320		41884		5691		2029
321		41884		5691		2029
322		41884		5691		2029
323		41884		5691		2029
324		41884		5691		2029
325		41884		5691		2029
326		41884		5691		2029
327		41884		5691		2029
328		41884		5691		2029
329		41884		5691		2029
330		41884		5691		2029
331		41884		5691		2029
332		41884		5691		2029
333		41884		5691		2029
334		41884		5691		2029
335		41884		5691		2029
336		41884		5691		2029
337		41884		5691		2029
338		41884		5691		2029
339		41884		5691		2029
340		41884		5691		2029
341		41884		5691		2029
342		41884		5691		2029
343		41884		5691		2029
344		41884		5691		2029
345		41884		5691		2029
346		41884		5691		2029
347		41884		5691		2029
348		41884		5691		2029
349		41884		5691		2029
350		41884		5691		2029
351		41884		5691		2029
352		41884		5691		2029
353		41884		5691		2029
354		41884		5691		2029
355		41884		5691		2029
356		41884		5691		2029
357		41884		5691		2029
358		41884		5691		2029
359		41884		5691		2029
360		41884		5691		2029
361		41884		5691		2029
362		41884		5691		2029
363		41884		5691		2029
364		41884		5691		2029
365		41884		5691		2029
366		41884		5691		2029
367		41884		5691		2029
368		41884		5691		2029
369		41884		5691		2029
370		41884		5691		2029
371		41884		5691		2029
372		41884		5691		2029
373		41884		5691		2029
374		41884		5691		2029
375		41884		5691		2029
376		41884		5691		2029
377		41884		5691		2029
378		41884		5691		2029
379		41884		5691		2029
380		41884		5691		2029
381		41884		5691		2029
382		41884		5691		2029
383		41884		5691		2029
384		41884		5691		2029
385		41884		5691		2029
386		41884		5691		2029
387		41884		5691		2029
388		41884		5691		2029
389		41884		5691		2029
390		41884		5691		2029
391		41884		5691		2029
392		41884		5691		2029
393		41884		5691		2029
394		41856		5692		2029
395		41856		5692		2029
396		41856		5692		2029
397		41856		5692		2029
398		41856		5692		2029
399		41856		5692		2029
400		41856		5692		2029
401		41865		5699		2024
402		41870		5710		2021
403		41873		5719		2020
404		41873		5727		2023
405		41874		5733		2021
406		41870		5739		2021
407		41865		5745		2022
408		41866		5746		2023
409		41867		5747		2022
410		41866		5749		2023
411		41866		5751		2021
412		41868		5755		2021
413		41867		5756		2022
414		41862		5761		2026
415		41862		5763		2026
416		41862		5765		2027
417		41860		5767		2026
418		41861		5768		2026
419		41858		5771		2022
420		41858		5771		2022
421		41857		5772		2023
422		41857		5772		2023
423		41857		5772		2023
424		41857		5772		2023
425		41856		5773		2024
426		41856		5773		2024
427		41856		5773		2024
428		41856		5773		2024
429		41856		5773		2024
430		41856		5773		2024
431		41856		5773		2024
432		41856		5773		2024
433		41856		5773		2024
434		41856		5773		2024
435		41856		5773		2024
436		41856		5773		2024
437		41856		5773		2024
438		41856		5773		2024
439		41856		5773		2024
440		41856		5773		2024
441		41856		5773		2024
442		41856		5773		2024
443		41856		5773		2024
444		41856		5773		2024
445		41856		5773		2024
446		41856		5773		2024
447		41856		5773		2024
448		41856		5773		2024
449		41856		5773		2024
450		41856		5773		2024
451		41856		5773		2024
452		41856		5773		2024
453		41856		5773		2024
454		41856		5773		2024
455		41856		5773		2024
456		41856		5773		2024
457		41856		5773		2024
458		41856		5773		2024
459		41856		5773		2024
460		41856		5773		2024
461		41856		5773		2024
462		41855		5774		2026
463		41855		5774		2026
464		41855		5774		2026
465		41855		5774		2026
466		41855		5774		2026
467		41855		5774		2026
468		41855		5774		2026
469		41855		5774		2026
470		41855		5774		2026
471		41855		5774		2026
472		41855		5774		2026
473		41855		5774		2026
474		41855		5774		2026
475		41855		5774		2026
476		41855		5774		2026
477		41855		5774		2026
478		41855		5774		2026
479		41855		5774		2026
480		41855		5774		2026
481		41855		5774		2026
482		41855		5774		2026
483		41855		5774		2026
484		41855		5774		2026
485		41855		5774		2026
486		41855		5774		2026
487		41855		5774		2026
488		41855		5774		2026
489		41855		5774		2026
490		41855		5774		2026
491		41855		5774		2026
492		41855		5774		2026
493		41855		5774		2026
494		41855		5774		2026
495		41855		5774		2026
496		41855		5774		2026
497		41855		5774		2026
498		41855		5774		2026
499		41855		5774		2026
500		41855		5774		2026
501		41855		5774		2026
502		41855		5774		2026
503		41855		5774		2026
504		41855		5774		2026
505		41855		5774		2026
506		41855		5774		2026
507		41855		5774		2026
508		41855		5774		2026
509		41855		5774		2026
510		41855		5774		2026
511		41855		5774		2026
512		41855		5774		2026
513		41855		5774		2026
514		41848		5776		2025
515		41848		5776		2025
516		41848		5776		2025
517		41848		5776		2025
518		41847		5777		2026
519		41847		5777		2026
520		41847		5777		2026
521		41847		5777		2026
522		41847		5777		2026
523		41847		5777		2026
524		41847		5777		2026
525		41847		5777		2026
526		41847		5777		2026
527		41847		5777		2026
528		41847		5777		2026
529		41847		5777		2026
530		41847		5778		2024
531		41844		5779		2025
532		41844		5779		2025
533		41844		5779		2025
534		41844		5779		2025
535		41844		5779		2025
536		41844		5779		2025
537		41844		5779		2025
538		41846		5782		2024
539		41842		5783		2024
540		41842		5783		2024
541		41842		5783		2024
542		41842		5783		2024
543		41842		5783		2024
544		41842		5783		2024
545		41842		5783		2024
546		41842		5783		2024
547		41842		5783		2024
548		41842		5783		2024
549		41842		5783		2024
550		41842		5783		2024
551		41842		5783		2024
552		41842		5783		2024
553		41842		5783		2024
554		41842		5783		2024
555		41842		5783		2024
556		41842		5783		2024
557		41842		5783		2024
558		41842		5783		2024
559		41842		5783		2024
560		41842		5783		2024
561		41842		5783		2024
562		41842		5783		2024
563		41842		5783		2024
564		41842		5783		2024
565		41842		5783		2024
566		41842		5783		2024
567		41842		5783		2024
568		41842		5783		2024
569		41842		5783		2024
570		41842		5783		2024
571		41842		5783		2024
572		41842		5783		2024
573		41842		5783		2024
574		41842		5783		2024
575		41842		5783		2024
576		41842		5783		2024
577		41842		5783		2024
578		41842		5783		2024
579		41842		5783		2024
580		41842		5783		2024
581		41842		5783		2024
582		41842		5783		2024
583		41842		5783		2024
584		41842		5783		2024
585		41842		5783		2024
586		41842		5783		2024
587		41842		5783		2024
588		41842		5783		2024
589		41842		5783		2024
590		41842		5783		2024
591		41842		5783		2024
592		41842		5783		2024
593		41842		5783		2024
594		41842		5783		2024
595		41842		5783		2024
596		41842		5783		2024
597		41842		5783		2024
598		41842		5783		2024
599		41842		5783		2024
600		41842		5783		2024
601		41842		5783		2024
602		41842		5783		2024
603		41842		5783		2024
604		41842		5783		2024
605		41842		5783		2024
606		41842		5783		2024
607		41842		5783		2024
608		41842		5783		2024
609		41842		5783		2024
610		41842		5783		2024
611		41842		5783		2024
612		41842		5783		2024
613		41842		5783		2024
614		41842		5783		2024
615		41842		5783		2024
616		41842		5783		2024
617		41842		5783		2024
618		41842		5783		2024
619		41842		5783		2024
620		41842		5783		2024
621		41842		5783		2024
622		41842		5783		2024
623		41842		5783		2024
624		41842		5783		2024
625		41842		5783		2024
626		41842		5783		2024
627		41842		5783		2024
628		41842		5783		2024
629		41842		5783		2024
630		41842		5783		2024
631		41842		5783		2024
632		41842		5783		2024
633		41842		5783		2024
634		41842		5783		2024
635		41842		5783		2024
636		41842		5783		2024
637		41842		5783		2024
638		41842		5783		2024
639		41842		5783		2024
640		41842		5783		2024
641		41842		5783		2024
642		41842		5783		2024
643		41842		5783		2024
644		41842		5783		2024
645		41842		5783		2024
646		41842		5783		2024
647		41842		5783		2024
648		41842		5783		2024
649		41842		5783		2024
650		41842		5783		2024
651		41842		5783		2024
652		41842		5783		2024
653		41842		5783		2024
654		41842		5783		2024
655		41842		5783		2024
656		41842		5783		2024
657		41842		5783		2024
658		41842		5783		2024
659		41842		5783		2024
660		41842		5783		2024
661		41842		5783		2024
662		41842		5783		2024
663		41842		5783		2024
664		41842		5783		2024
665		41842		5783		2024
666		41842		5783		2024
667		41842		5783		2024
668		41842		5783		2024
669		41842		5783		2024
670		41842		5783		2024
671		41842		5783		2024
672		41842		5783		2024
673		41842		5783		2024
674		41842		5783		2024
675		41842		5783		2024
676		41842		5783		2024
677		41842		5783		2024
678		41842		5783		2024
679		41842		5783		2024
680		41842		5783		2024
681		41842		5783		2024
682		41842		5783		2024
683		41842		5783		2024
684		41842		5783		2024
685		41842		5783		2024
686		41842		5783		2024
687		41842		5783		2024
688		41842		5783		2024
689		41842		5783		2024
690		41842		5783		2024
691		41842		5783		2024
692		41842		5783		2024
693		41842		5783		2024
694		41842		5783		2024
695		41842		5783		2024
696		41842		5783		2024
697		41842		5783		2024
698		41842		5783		2024
699		41842		5783		2024
700		41842		5783		2024
701		41842		5783		2024
702		41842		5783		2024
703		41842		5783		2024
704		41842		5783		2024
705		41842		5783		2024
706		41842		5783		2024
707		41842		5783		2024
708		41842		5783		2024
709		41842		5783		2024
710		41842		5783		2024
711		41842		5783		2024
712		41842		5783		2024
713		41842		5783		2024
714		41842		5783		2024
715		41842		5783		2024
716		41842		5783		2024
717		41842		5783		2024
718		41842		5783		2024
719		41842		5783		2024
720		41842		5783		2024
721		41842		5783		2024
722		41842		5783		2024
723		41842		5783		2024
724		41842		5783		2024
725		41842		5783		2024
726		41842		5783		2024
727		41842		5783		2024
728		41842		5783		2024
729		41842		5783		2024
730		41842		5783		2024
731		41842		5783		2024
732		41842		5783		2024
733		41842		5783		2024
734		41842		5783		2024
735		41842		5783		2024
736		41842		5783		2024
737		41842		5783		2024
738		41842		5783		2024
739		41842		5783		2024
740		41842		5783		2024
741		41842		5783		2024
742		41842		5783		2024
743		41842		5783		2024
744		41842		5783		2024
745		41842		5783		2024
746		41842		5783		2024
747		41842		5783		2024
748		41842		5783		2024
749		41842		5783		2024
750		41842		5783		2024
751		41842		5783		2024
752		41842		5783		2024
753		41842		5783		2024
754		41842		5783		2024
755		41842		5783		2024
756		41842		5783		2024
757		41842		5783		2024
758		41842		5783		2024
759		41842		5783		2024
760		41842		5783		2024
761		41842		5783		2024
762		41842		5783		2024
763		41842		5783		2024
764		41842		5783		2024
765		41842		5783		2024
766		41842		5783		2024
767		41842		5783		2024
768		41842		5783		2024
769		41842		5783		2024
770		41842		5783		2024
771		41842		5783		2024
772		41842		5783		2024
773		41842		5783		2024
774		41842		5783		2024
775		41842		5783		2024
776		41842		5783		2024
777		41842		5783		2024
778		41842		5783		2024
779		41842		5783		2024
780		41842		5783		2024
781		41842		5783		2024
782		41842		5783		2024
783		41842		5783		2024
784		41842		5783		2024
785		41842		5783		2024
786		41842		5783		2024
787		41842		5783		2024
788		41842		5783		2024
789		41842		5783		2024
790		41842		5783		2024
791		41842		5783		2024
792		41842		5783		2024
793		41842		5783		2024
794		41842		5783		2024
795		41842		5783		2024
796		41842		5783		2024
797		41842		5783		2024
798		41842		5783		2024
799		41842		5783		2024
800		41842		5783		2024
801		41847		5788		2025
802		41853		5796		2023
803		41851		5802		2019
804		41848		5808		2021
805		41849		5809		2021
806		41849		5812		2018
807		41847		5815		2022
808		41845		5819		2022
809		41844		5820		2020
810		41844		5820		2020
811		41844		5820		2020
812		41843		5821		2020
813		41843		5823		2021
814		41842		5824		2021
815		41842		5824		2021
816		41842		5824		2021
817		41841		5825		2023
818		41841		5825		2023
819		41841		5825		2023
820		41841		5825		2023
821		41841		5825		2023
822		41840		5826		2023
823		41836		5828		2023
824		41836		5828		2023
825		41835		5829		2023
826		41835		5829		2023
827		41835		5829		2023
828		41835		5829		2023
829		41835		5829		2023
830		41835		5829		2023
831		41835		5829		2023
832		41834		5830		2024
833		41834		5830		2024
834		41834		5830		2024
835		41834		5830		2024
836		41834		5830		2024
837		41834		5830		2024
838		41834		5830		2024
839		41834		5830		2024
840		41834		5830		2024
841		41834		5830		2024
842		41834		5830		2024
843		41834		5830		2024
844		41834		5830		2024
845		41834		5830		2024
846		41834		5830		2024
847		41834		5830		2024
848		41834		5830		2024
849		41834		5830		2024
850		41834		5830		2024
851		41834		5830		2024
852		41834		5830		2024
853		41834		5830		2024
854		41834		5830		2024
855		41834		5830		2024
856		41834		5830		2024
857		41834		5830		2024
858		41834		5830		2024
859		41834		5830		2024
860		41834		5830		2024
861		41834		5830		2024
862		41834		5830		2024
863		41834		5830		2024
864		41834		5830		2024
865		41834		5830		2024
866		41833		5831		2024
867		41833		5831		2024
868		41833		5831		2024
869		41833		5831		2024
870		41833		5831		2024
871		41833		5831		2024
872		41833		5831		2024
873		41833		5831		2024
874		41833		5831		2024
875		41833		5831		2024
876		41833		5831		2024
877		41833		5831		2024
878		41833		5831		2024
879		41833		5831		2024
880		41833		5831		2024
881		41833		5831		2024
882		41833		5831		2024
883		41833		5831		2024
884		41833		5831		2024
885		41833		5831		2024
886		41833		5831		2024
887		41833		5831		2024
888		41833		5831		2024
889		41833		5831		2024
890		41833		5831		2024
891		41833		5831		2024
892		41833		5831		2024
893		41832		5832		2024
894		41832		5832		2024
895		41832		5832		2024
896		41832		5832		2024
897		41832		5832		2024
898		41832		5832		2024
899		41832		5832		2024
900		41832		5832		2024
901		41832		5832		2024
902		41832		5832		2024
903		41832		5832		2024
904		41832		5832		2024
905		41832		5832		2024
906		41832		5832		2024
907		41832		5832		2024
908		41832		5832		2024
909		41832		5832		2024
910		41832		5832		2024
911		41832		5832		2024
912		41832		5832		2024
913		41832		5832		2024
914		41832		5832		2024
915		41832		5832		2024
916		41832		5832		2024
917		41832		5832		2024
918		41832		5832		2024
919		41832		5832		2024
920		41832		5832		2024
921		41832		5832		2024
922		41832		5832		2024
923		41832		5832		2024
924		41832		5832		2024
925		41832		5832		2024
926		41832		5832		2024
927		41832		5832		2024
928		41832		5832		2024
929		41832		5832		2024
930		41832		5832		2024
931		41832		5832		2024
932		41832		5832		2024
933		41832		5832		2024
934		41832		5832		2024
935		41832		5832		2024
936		41832		5832		2024
937		41832		5832		2024
938		41832		5832		2024
939		41832		5832		2024
940		41832		5832		2024
941		41832		5832		2024
942		41832		5832		2024
943		41832		5832		2024
944		41832		5832		2024
945		41832		5832		2024
946		41832		5832		2024
947		41832		5832		2024
948		41832		5832		2024
949		41832		5832		2024
950		41832		5832		2024
951		41832		5832		2024
952		41832		5832		2024
953		41832		5832		2024
954		41832		5832		2024
955		41832		5832		2024
956		41832		5832		2024
957		41832		5832		2024
958		41832		5832		2024
959		41832		5832		2024
960		41832		5832		2024
961		41832		5832		2024
962		41832		5832		2024
963		41832		5832		2024
964		41832		5832		2024
965		41832		5832		2024
966		41832		5832		2024
967		41832		5832		2024
968		41832		5832		2024
969		41832		5832		2024
970		41832		5832		2024
971		41832		5832		2024
972		41832		5832		2024
973		41832		5832		2024
974		41832		5832		2024
975		41832		5832		2024
976		41832		5832		2024
977		41832		5832		2024
978		41832		5832		2024
979		41832		5832		2024
980		41832		5832		2024
981		41832		5832		2024
982		41832		5832		2024
983		41832		5832		2024
984		41832		5832		2024
985		41832		5832		2024
986		41832		5832		2024
987		41832		5832		2024
988		41832		5832		2024
989		41832		5832		2024
990		41832		5832		2024
991		41832		5832		2024
992		41832		5832		2024
993		41832		5832		2024
994		41832		5832		2024
995		41832		5832		2024
996		41832		5832		2024
997		41832		5832		2024
998		41832		5832		2024
999		41832		5832		2024
