# Migration is number of nodes that have changed color.

Round		Edge-Cut		Swaps		Migrations		Skipped
0		565		250		173
1		504		500		180
2		500		749		188
3		502		998		182
4		476		1247		185
5		484		1496		189
6		431		1745		184
7		423		1994		184
8		466		2242		180
9		448		2490		189
10		478		2738		184
11		518		2986		191
12		475		3235		190
13		467		3484		189
14		484		3730		191
15		493		3977		193
16		499		4225		189
17		497		4474		185
18		481		4721		182
19		453		4968		184
20		424		5213		180
21		377		5462		187
22		476		5711		179
23		471		5957		189
24		500		6207		195
25		503		6457		188
26		474		6705		196
27		458		6955		190
28		464		7204		188
29		471		7450		194
30		466		7699		194
31		470		7946		186
32		436		8194		184
33		465		8443		185
34		491		8692		196
35		471		8941		185
36		504		9190		196
37		446		9438		190
38		442		9684		188
39		458		9931		183
40		455		10179		190
41		472		10427		188
42		509		10676		184
43		442		10925		192
44		412		11174		186
45		449		11421		193
46		465		11669		201
47		477		11917		202
48		460		12166		195
49		485		12415		186
50		482		12663		190
51		481		12911		189
52		494		13160		181
53		459		13407		181
54		462		13656		183
55		472		13905		197
56		475		14153		201
57		416		14402		189
58		471		14650		190
59		432		14896		189
60		488		15143		188
61		477		15392		208
62		481		15641		193
63		473		15890		193
64		465		16139		181
65		460		16388		193
66		481		16634		194
67		446		16882		186
68		512		17127		190
69		526		17376		192
70		487		17625		187
71		451		17875		197
72		468		18123		189
73		510		18371		193
74		468		18620		181
75		415		18868		185
76		435		19116		183
77		461		19364		183
78		447		19611		185
79		483		19860		180
80		521		20109		183
81		497		20356		185
82		469		20603		192
83		463		20852		192
84		507		21101		184
85		493		21348		189
86		454		21596		186
87		496		21845		181
88		458		22093		188
89		439		22340		182
90		489		22588		194
91		519		22838		191
92		531		23087		191
93		503		23336		188
94		435		23585		182
95		474		23833		191
96		451		24080		177
97		489		24327		188
98		462		24573		193
99		506		24822		184
100		442		25069		187
101		461		25316		190
102		497		25563		188
103		473		25812		197
104		486		26062		196
105		459		26311		185
106		486		26560		191
107		480		26808		191
108		477		27057		193
109		492		27306		189
110		478		27553		189
111		501		27800		182
112		429		28049		191
113		480		28294		196
114		488		28541		195
115		481		28790		195
116		503		29039		186
117		486		29287		188
118		445		29536		191
119		502		29786		191
120		457		30034		185
121		480		30283		188
122		492		30530		188
123		477		30779		179
124		493		31028		189
125		538		31275		189
126		462		31525		185
127		422		31774		187
128		452		32022		189
129		472		32271		190
130		504		32521		184
131		476		32770		187
132		487		33018		183
133		468		33265		188
134		480		33514		180
135		481		33763		188
136		445		34009		190
137		494		34254		186
138		415		34502		187
139		426		34748		185
140		488		34993		194
141		457		35242		179
142		471		35489		183
143		498		35737		189
144		497		35986		193
145		489		36235		202
146		475		36484		191
147		468		36730		185
148		514		36976		190
149		508		37225		187
150		504		37475		179
151		500		37723		196
152		486		37973		189
153		532		38221		189
154		559		38470		188
155		498		38719		185
156		475		38967		184
157		508		39216		192
158		479		39465		192
159		484		39714		188
160		473		39964		188
161		496		40210		186
162		455		40459		184
163		479		40708		178
164		522		40956		187
165		420		41206		191
166		520		41454		183
167		482		41704		190
168		510		41953		191
169		460		42203		182
170		485		42452		195
171		515		42702		180
172		499		42951		173
173		470		43200		182
174		488		43449		187
175		459		43697		179
176		501		43943		186
177		500		44191		194
178		486		44439		197
179		462		44688		190
180		470		44935		181
181		501		45183		195
182		509		45432		198
183		471		45681		194
184		481		45930		192
185		454		46178		186
186		458		46426		181
187		481		46675		177
188		443		46924		187
189		476		47174		183
190		481		47422		189
191		432		47671		183
192		456		47918		186
193		458		48166		194
194		485		48416		178
195		480		48664		175
196		483		48913		191
197		519		49162		186
198		488		49411		198
199		500		49660		183
200		515		49909		183
201		471		50157		185
202		502		50404		190
203		466		50653		189
204		470		50901		188
205		463		51147		182
206		459		51396		189
207		444		51644		186
208		483		51890		184
209		498		52139		189
210		499		52388		183
211		524		52637		179
212		452		52884		190
213		493		53134		186
214		512		53384		185
215		485		53634		185
216		453		53882		193
217		519		54131		184
218		472		54381		193
219		511		54631		189
220		434		54879		188
221		486		55128		196
222		471		55376		195
223		492		55624		178
224		451		55873		191
225		410		56123		186
226		433		56370		189
227		494		56619		179
228		454		56867		180
229		464		57117		184
230		435		57366		191
231		466		57615		188
232		457		57861		190
233		504		58106		189
234		445		58354		192
235		470		58602		187
236		475		58850		180
237		482		59099		174
238		463		59348		184
239		512		59595		182
240		503		59843		194
241		471		60093		190
242		466		60340		186
243		481		60588		196
244		509		60835		177
245		436		61085		189
246		500		61333		188
247		517		61582		192
248		492		61832		180
249		525		62082		188
250		517		62331		186
251		508		62580		183
252		442		62830		188
253		438		63077		186
254		473		63324		175
255		432		63572		194
256		410		63818		192
257		421		64066		189
258		448		64314		184
259		428		64562		189
260		445		64808		201
261		459		65055		182
262		444		65301		185
263		474		65549		182
264		386		65797		193
265		447		66045		190
266		506		66292		185
267		469		66540		189
268		546		66788		193
269		498		67035		188
270		456		67282		189
271		426		67530		187
272		493		67776		181
273		481		68023		178
274		501		68271		187
275		529		68520		194
276		511		68769		182
277		448		69017		185
278		426		69265		190
279		502		69512		181
280		466		69760		189
281		491		70008		188
282		522		70256		181
283		474		70505		185
284		449		70755		190
285		444		71004		201
286		464		71253		196
287		470		71499		193
288		439		71748		188
289		503		71998		186
290		474		72248		175
291		483		72497		183
292		464		72746		179
293		529		72995		185
294		516		73245		196
295		542		73494		193
296		514		73743		193
297		518		73992		185
298		515		74241		182
299		513		74490		182
300		481		74740		186
301		504		74990		195
302		448		75238		187
303		479		75486		195
304		486		75735		193
305		440		75985		192
306		490		76232		184
307		468		76480		180
308		450		76729		191
309		454		76978		186
310		469		77222		185
311		443		77471		189
312		482		77720		194
313		493		77967		196
314		487		78215		192
315		503		78462		179
316		495		78710		186
317		491		78959		183
318		515		79209		184
319		474		79458		191
320		516		79706		178
321		487		79953		197
322		496		80202		189
323		499		80451		185
324		506		80700		189
325		500		80947		178
326		505		81194		180
327		485		81444		181
328		401		81691		178
329		528		81941		193
330		448		82191		191
331		477		82440		188
332		519		82690		200
333		502		82938		189
334		482		83186		184
335		498		83435		200
336		473		83685		189
337		481		83935		191
338		489		84183		181
339		466		84432		191
340		453		84680		183
341		424		84927		190
342		484		85176		191
343		482		85424		186
344		477		85674		186
345		473		85923		186
346		481		86170		186
347		487		86419		192
348		436		86666		188
349		439		86912		194
350		450		87161		185
351		488		87409		185
352		526		87657		186
353		479		87906		192
354		525		88155		185
355		510		88404		186
356		481		88653		194
357		486		88901		185
358		493		89149		180
359		511		89399		194
360		460		89647		193
361		477		89896		184
362		485		90145		184
363		487		90394		187
364		489		90641		183
365		502		90889		187
366		448		91138		181
367		458		91387		193
368		481		91634		194
369		458		91881		191
370		478		92128		186
371		477		92375		186
372		465		92625		194
373		458		92873		187
374		488		93119		190
375		493		93367		197
376		506		93616		185
377		506		93864		183
378		458		94112		188
379		471		94360		180
380		480		94610		194
381		521		94859		180
382		487		95108		182
383		502		95355		179
384		462		95605		192
385		439		95854		198
386		461		96103		185
387		501		96351		196
388		464		96600		190
389		505		96849		189
390		448		97097		189
391		468		97346		189
392		461		97594		195
393		496		97843		192
394		479		98090		181
395		472		98336		187
396		488		98584		186
397		483		98834		182
398		487		99082		189
399		510		99331		191
400		445		99579		187
401		458		99829		191
402		460		100075		185
403		456		100323		186
404		460		100571		184
405		450		100819		182
406		439		101066		196
407		436		101313		199
408		445		101561		188
409		417		101806		189
410		512		102055		196
411		459		102303		185
412		453		102552		185
413		433		102802		190
414		490		103050		193
415		463		103300		182
416		520		103549		189
417		484		103798		191
418		468		104046		189
419		484		104293		186
420		472		104541		189
421		515		104790		189
422		513		105038		187
423		498		105286		185
424		505		105534		182
425		420		105782		183
426		442		106029		178
427		499		106277		189
428		486		106527		179
429		453		106775		188
430		505		107023		181
431		463		107269		185
432		497		107518		179
433		465		107766		181
434		473		108012		181
435		435		108259		183
436		480		108509		188
437		488		108757		191
438		507		109006		186
439		439		109255		181
440		485		109504		195
441		502		109753		182
442		478		110002		193
443		434		110251		189
444		433		110501		190
445		482		110749		176
446		505		110997		182
447		509		111245		181
448		497		111494		190
449		521		111744		189
450		480		111992		188
451		479		112241		180
452		454		112490		190
453		522		112739		186
454		486		112987		195
455		526		113233		185
456		488		113483		186
457		517		113732		189
458		505		113981		191
459		479		114231		191
460		490		114479		188
461		527		114726		188
462		456		114976		190
463		480		115225		190
464		529		115473		185
465		479		115722		178
466		501		115970		188
467		474		116218		190
468		476		116467		191
469		496		116714		182
470		533		116961		199
471		528		117207		198
472		488		117454		190
473		485		117701		194
474		475		117949		177
475		500		118198		182
476		493		118448		186
477		490		118696		185
478		501		118946		197
479		479		119195		189
480		504		119445		174
481		492		119694		182
482		428		119942		187
483		489		120190		182
484		518		120440		184
485		515		120689		185
486		444		120938		185
487		473		121188		182
488		465		121436		195
489		444		121686		197
490		503		121935		191
491		496		122184		187
492		532		122432		185
493		471		122681		196
494		476		122929		196
495		458		123178		187
496		460		123427		174
497		473		123675		192
498		476		123923		192
499		499		124172		189
500		497		124421		179
501		436		124670		181
502		507		124919		194
503		524		125168		184
504		509		125418		182
505		509		125665		176
506		478		125914		188
507		498		126163		187
508		491		126412		186
509		495		126660		186
510		518		126909		188
511		483		127158		182
512		524		127408		179
513		524		127658		169
514		486		127907		183
515		494		128157		186
516		483		128406		193
517		480		128653		188
518		529		128901		187
519		478		129150		178
520		462		129399		199
521		474		129647		187
522		480		129895		187
523		472		130144		189
524		499		130392		196
525		498		130642		197
526		436		130891		186
527		468		131139		187
528		437		131386		194
529		415		131634		190
530		493		131883		179
531		474		132129		195
532		412		132379		196
533		520		132622		191
534		450		132872		196
535		484		133120		191
536		502		133369		201
537		504		133618		195
538		444		133867		192
539		469		134116		180
540		480		134365		193
541		451		134614		181
542		502		134863		188
543		464		135111		182
544		440		135359		187
545		464		135608		186
546		449		135854		188
547		397		136103		182
548		433		136352		184
549		449		136600		189
550		466		136848		187
551		464		137096		200
552		488		137344		194
553		504		137591		193
554		511		137840		188
555		518		138089		184
556		481		138334		193
557		427		138578		187
558		446		138824		194
559		493		139068		189
560		487		139318		190
561		456		139567		194
562		498		139815		183
563		495		140063		181
564		449		140310		190
565		472		140558		190
566		485		140806		191
567		432		141054		185
568		452		141300		191
569		463		141548		191
570		428		141798		190
571		452		142046		188
572		455		142295		182
573		479		142543		188
574		443		142793		177
575		448		143039		183
576		472		143286		196
577		460		143535		199
578		461		143781		191
579		460		144029		184
580		460		144277		184
581		467		144527		190
582		491		144776		186
583		496		145024		187
584		519		145272		183
585		490		145521		189
586		449		145769		183
587		463		146014		182
588		446		146262		190
589		489		146511		189
590		509		146760		173
591		478		147009		178
592		481		147258		178
593		504		147507		189
594		418		147756		183
595		461		148004		184
596		488		148253		191
597		493		148501		191
598		495		148750		187
599		458		148999		192
600		448		149248		189
601		503		149495		186
602		498		149745		190
603		484		149993		183
604		466		150242		186
605		442		150489		184
606		448		150737		184
607		468		150984		191
608		470		151232		196
609		474		151481		194
610		515		151731		177
611		501		151981		189
612		482		152228		190
613		475		152476		191
614		488		152725		194
615		445		152974		195
616		482		153223		188
617		491		153472		187
618		524		153721		186
619		509		153970		185
620		529		154218		190
621		506		154464		187
622		511		154712		196
623		467		154961		192
624		458		155209		190
625		454		155458		194
626		469		155706		192
627		469		155954		199
628		470		156202		195
629		500		156451		188
630		456		156701		191
631		486		156950		191
632		500		157199		186
633		521		157448		186
634		438		157698		187
635		470		157946		195
636		463		158192		188
637		471		158441		193
638		420		158687		186
639		509		158935		176
640		474		159182		176
641		475		159431		185
642		489		159679		179
643		477		159927		185
644		495		160176		195
645		489		160424		183
646		518		160671		188
647		499		160919		186
648		506		161168		187
649		509		161416		183
650		482		161664		193
651		505		161912		195
652		466		162160		188
653		493		162408		185
654		455		162656		194
655		473		162905		191
656		495		163154		184
657		468		163402		189
658		499		163650		185
659		512		163899		185
660		519		164147		188
661		466		164397		183
662		521		164646		189
663		454		164893		189
664		460		165142		193
665		447		165390		182
666		457		165639		186
667		462		165887		191
668		465		166134		190
669		490		166382		192
670		445		166631		180
671		425		166880		193
672		485		167126		192
673		477		167373		178
674		386		167618		186
675		461		167863		191
676		459		168111		190
677		462		168359		199
678		488		168607		189
679		517		168856		195
680		487		169105		191
681		483		169353		190
682		466		169602		187
683		500		169850		189
684		443		170098		192
685		464		170347		188
686		464		170595		195
687		430		170840		182
688		484		171089		185
689		441		171336		194
690		516		171582		184
691		486		171830		185
692		470		172078		184
693		472		172327		177
694		486		172575		184
695		503		172825		189
696		537		173073		194
697		483		173322		186
698		507		173569		189
699		458		173814		193
700		471		174061		188
701		499		174309		189
702		539		174558		190
703		503		174807		178
704		505		175057		189
705		517		175306		185
706		473		175553		190
707		448		175803		201
708		466		176053		195
709		454		176302		187
710		532		176552		188
711		469		176801		194
712		465		177049		186
713		497		177298		175
714		474		177547		181
715		483		177796		180
716		513		178046		185
717		478		178293		194
718		438		178542		188
719		470		178790		190
720		520		179038		191
721		473		179287		181
722		479		179536		179
723		429		179785		189
724		498		180033		189
725		500		180282		186
726		512		180530		187
727		495		180779		189
728		492		181027		193
729		485		181276		190
730		494		181524		198
731		496		181773		191
732		501		182022		182
733		576		182269		180
734		501		182518		182
735		500		182767		189
736		524		183015		180
737		495		183262		178
738		518		183508		180
739		511		183757		183
740		510		184005		185
741		495		184254		196
742		476		184503		184
743		468		184751		186
744		477		185000		186
745		468		185249		181
746		489		185497		182
747		462		185746		185
748		503		185995		180
749		472		186245		187
750		461		186493		186
751		496		186742		186
752		459		186991		176
753		458		187240		188
754		493		187488		193
755		444		187737		193
756		499		187986		194
757		505		188236		191
758		500		188484		188
759		517		188734		187
760		499		188984		197
761		459		189232		191
762		479		189481		186
763		464		189730		185
764		440		189979		194
765		412		190226		181
766		502		190474		181
767		510		190721		189
768		466		190968		186
769		473		191217		194
770		519		191467		194
771		482		191717		197
772		519		191964		187
773		490		192213		182
774		454		192461		188
775		447		192708		188
776		465		192956		194
777		507		193206		187
778		504		193455		187
779		534		193703		192
780		506		193952		190
781		503		194201		199
782		496		194450		185
783		484		194698		177
784		527		194948		191
785		495		195197		191
786		446		195445		184
787		459		195693		183
788		428		195941		188
789		453		196190		192
790		472		196437		188
791		491		196686		183
792		442		196933		184
793		474		197181		189
794		469		197427		190
795		497		197677		179
796		503		197926		184
797		469		198176		185
798		451		198426		194
799		449		198673		185
800		435		198921		173
801		453		199169		184
802		455		199417		192
803		475		199666		193
804		458		199914		190
805		489		200162		187
806		442		200411		184
807		500		200657		188
808		480		200906		191
809		518		201156		187
810		431		201406		186
811		519		201655		188
812		445		201902		186
813		479		202151		189
814		494		202400		193
815		535		202648		188
816		488		202897		190
817		475		203144		180
818		459		203393		176
819		505		203642		189
820		508		203892		187
821		479		204141		178
822		462		204391		180
823		501		204638		191
824		488		204886		190
825		483		205135		198
826		479		205381		192
827		491		205629		182
828		469		205879		179
829		499		206127		185
830		483		206376		181
831		521		206626		180
832		520		206875		180
833		482		207125		203
834		456		207374		200
835		492		207623		188
836		476		207870		190
837		455		208118		187
838		427		208364		191
839		482		208613		192
840		490		208861		188
841		467		209110		188
842		447		209358		188
843		488		209607		180
844		529		209857		187
845		464		210106		189
846		480		210355		195
847		517		210605		186
848		542		210854		184
849		466		211103		194
850		469		211351		184
851		497		211600		181
852		561		211848		192
853		487		212096		188
854		517		212345		190
855		476		212594		192
856		510		212840		191
857		515		213089		187
858		481		213337		184
859		458		213585		187
860		562		213835		194
861		473		214084		178
862		432		214331		189
863		480		214576		180
864		470		214826		182
865		501		215073		188
866		473		215320		187
867		511		215568		189
868		478		215816		195
869		446		216065		190
870		501		216314		187
871		471		216562		186
872		478		216811		183
873		502		217060		185
874		505		217306		186
875		510		217553		183
876		502		217802		176
877		478		218052		190
878		473		218302		189
879		424		218550		192
880		499		218797		187
881		457		219045		187
882		485		219294		181
883		466		219543		176
884		521		219792		185
885		478		220041		185
886		499		220289		196
887		506		220538		180
888		489		220785		187
889		496		221033		186
890		468		221283		187
891		474		221533		196
892		487		221782		188
893		455		222031		188
894		487		222281		182
895		503		222530		188
896		499		222780		194
897		479		223028		193
898		473		223277		187
899		476		223526		179
900		484		223774		187
901		495		224023		185
902		485		224269		191
903		510		224518		181
904		472		224768		180
905		509		225017		178
906		496		225266		180
907		513		225515		184
908		519		225764		181
909		519		226012		183
910		511		226260		191
911		493		226509		188
912		505		226758		190
913		465		227008		186
914		484		227256		182
915		510		227503		181
916		498		227751		186
917		475		227998		189
918		453		228246		192
919		458		228494		182
920		516		228741		176
921		459		228991		187
922		453		229238		185
923		454		229485		198
924		453		229732		183
925		457		229982		188
926		473		230231		191
927		470		230479		179
928		490		230727		183
929		517		230975		180
930		503		231223		186
931		469		231471		188
932		537		231718		187
933		484		231964		176
934		498		232208		190
935		508		232455		191
936		511		232704		194
937		503		232953		188
938		484		233202		192
939		509		233449		189
940		497		233696		192
941		490		233943		170
942		472		234192		184
943		473		234441		197
944		505		234690		188
945		446		234940		189
946		489		235189		196
947		530		235438		184
948		425		235686		192
949		442		235932		193
950		510		236180		199
951		509		236430		191
952		492		236679		188
953		523		236927		184
954		534		237176		180
955		515		237425		189
956		506		237674		175
957		465		237923		182
958		478		238171		179
959		481		238420		177
960		514		238670		181
961		489		238917		179
962		448		239166		194
963		470		239413		194
964		468		239662		187
965		407		239911		172
966		463		240157		186
967		488		240407		181
968		479		240655		181
969		436		240901		187
970		453		241147		198
971		493		241395		185
972		517		241642		188
973		456		241889		186
974		506		242136		188
975		472		242383		189
976		457		242632		186
977		443		242881		173
978		453		243130		182
979		495		243378		188
980		463		243626		184
981		528		243875		207
982		506		244124		190
983		550		244374		191
984		470		244624		183
985		480		244874		186
986		484		245123		203
987		444		245372		185
988		480		245622		197
989		471		245870		186
990		446		246118		183
991		510		246365		190
992		514		246613		189
993		523		246861		199
994		496		247111		197
995		447		247361		186
996		510		247609		191
997		472		247858		192
998		522		248108		190
999		417		248358		191
